1.020817971276921123e-02
8.889083561972224278e-04
1.172746895248356685e-04
5.366266266550714567e-05
3.004055546195297062e-05
1.542999558138095437e-05
1.460418292655610421e-05
1.382306458289730976e-05
1.486283289032231796e-05
1.821065426517855072e-05
2.349644423577679580e-05
2.707829845679281258e-05
3.310235031282123425e-05
2.815318128092856150e-05
3.915081076502879956e-05
4.018950386338380045e-05
3.787803143115387529e-05
3.538625647060279457e-05
4.619883036562052244e-05
3.456303239385702728e-05
4.489486819478176043e-05
