6.799836017885556583e-01
1.026511203480749181e-02
1.992281753631371544e-03
6.306021368604074109e-04
3.233773022116119816e-04
1.400466197025120507e-04
9.776826001467673059e-05
5.223351586955212616e-05
2.898357052735038293e-05
2.036602550662808118e-05
1.732595781564340260e-05
1.748176396390390517e-05
1.335244376892881885e-05
1.547713971180387086e-05
1.272749266527080795e-05
1.425897643445318130e-05
1.946883264234564311e-05
2.141661935608409214e-05
3.363529677615127397e-05
2.417278651954822254e-05
4.187174613110619236e-05
