5.772752481385919232e+00
1.406401209869777569e+00
9.760839284001308069e-01
6.924243105525050845e-01
5.297334247302966093e-01
3.394694179084264962e-01
2.031088579771486435e-01
9.741919815593513832e-02
5.749887105100021795e-02
3.881997630412335754e-02
2.778144690024309665e-02
2.655379293484402131e-02
1.665127497254405634e-02
1.572057714691848726e-02
1.575230542191486185e-02
1.571996804237550671e-02
1.655475881956968917e-02
2.126703489490831822e-02
3.906331613026570865e-02
2.667361203398913722e-02
5.264299315454935846e-02
