1.666286496046745225e-01
9.774895986121820424e-02
5.882065811667957361e-02
4.691372260872313238e-02
3.818922372594706766e-02
2.905091292087991564e-02
2.119630143479875675e-02
1.675505246400472992e-02
1.457274950248710343e-02
1.605944760255574935e-02
1.834514355752100978e-02
1.990487245656905740e-02
3.074752756430155706e-02
3.290971362934227290e-02
5.185456198808827827e-02
6.918151151716590841e-02
5.393942202138931469e-02
4.961941731170917136e-02
7.095668572183858047e-02
5.205950720488811828e-02
6.861753383362372005e-02
