1.853776912959768097e+00
5.701536864407037442e-01
3.895745713515240127e-01
3.427277302887607457e-02
4.855929693930643304e-02
1.076891468447972559e-02
1.789009187706287404e-02
2.889907316851018926e-02
6.962515025714954842e-02
1.028551993271753506e-01
1.142650181377704022e-01
1.136602890198626370e-01
4.251368344653845832e-01
2.257884367980331763e-01
8.027783627352638729e-02
4.850124676380795918e-02
1.208435413719230189e-01
5.430304194967088688e-02
1.819082159505978902e-01
1.926735075945880116e-01
2.059800819810943540e-01
