1.729228193854113371e+01
1.996634258377502036e+01
2.222701858641853789e+01
2.370813443618818184e+01
2.601822362915031306e+01
2.833229259821029444e+01
3.030043451758727713e+01
3.252684537501914974e+01
3.486559214637404125e+01
3.636605252601346194e+01
3.858097596098939164e+01
4.092035309499206619e+01
4.306039192513191693e+01
4.491590151137999953e+01
4.797850060950669615e+01
4.956765853887922901e+01
5.192379404288396216e+01
5.415236112076406982e+01
5.640712441497306884e+01
5.872778869488833919e+01
6.027020630483735175e+01
