-2.327963368070911088e-01
-4.977466347601415819e-01
-4.769441080991825288e-01
-4.606209016632942799e-01
-4.617753980933915203e-01
-4.611100596863639822e-01
-4.606475571698808169e-01
-4.630587569222962552e-01
-4.647165591828925635e-01
-4.648552024841510200e-01
-4.646099535038832329e-01
-4.633086406376158983e-01
-4.607115531429119004e-01
-4.550400151373654167e-01
-4.529924615194970139e-01
-4.525199867616725991e-01
-4.535842823729563378e-01
-4.593188246164672250e-01
-4.626518899971920895e-01
-4.631752140648845995e-01
-4.625835074442532502e-01
