-7.426831034874254556e+01
-8.222808548809912566e+01
-8.766955746369950475e+01
-9.103776932201915884e+01
-9.658542746069494456e+01
-1.021592151281146386e+02
-1.069188321787061255e+02
-1.123600130736872984e+02
-1.180915334802075449e+02
-1.218346005574313722e+02
-1.272170891220133910e+02
-1.328552855831152328e+02
-1.381961644705612855e+02
-1.426521112107902525e+02
-1.498265811813197672e+02
-1.534783647481775688e+02
-1.589297423170088166e+02
-1.646229880127579008e+02
-1.702671865003511016e+02
-1.758568392114150356e+02
-1.795766668105646318e+02
