1.582667206295553797e-01
1.985154491429135248e-01
1.935600379614693667e-01
1.911318640586487927e-01
1.918198716013911620e-01
1.915610993015705033e-01
1.913045701911001428e-01
1.914905391595420614e-01
1.912254342111811001e-01
1.901713733955079366e-01
1.904086808135141418e-01
1.904674136117971983e-01
1.884127679747849005e-01
1.866357189624534563e-01
1.882481914918501253e-01
1.895345460048973862e-01
1.921802224558555316e-01
1.911318084995046185e-01
1.910654183971997044e-01
1.907785563296950926e-01
1.913703762424843191e-01
