1.666286496046745225e-01
9.696220822038693898e-02
7.161703645518582850e-02
5.188910468041084412e-02
3.658019171982488521e-02
3.136331364520836967e-02
2.042439162548963585e-02
1.474892192380280673e-02
1.386421416714061702e-02
1.688673878259447717e-02
1.770495097782806906e-02
1.969385095508355277e-02
2.745320038258053721e-02
3.456283403543410765e-02
5.332999557633567866e-02
7.857312181936346174e-02
6.606529856148796176e-02
5.031398988700402919e-02
4.746938534028699586e-02
5.920629130576206267e-02
5.104836276769965375e-02
5.735066919528331031e-02
