5.772752481385919232e+00
1.344825910004287639e+00
9.727680621962118135e-01
7.299968080771404022e-01
4.678245933679910373e-01
3.524742629726778098e-01
1.987874198933359537e-01
1.195027544929528757e-01
6.194710139634616863e-02
4.358711844626670523e-02
3.662846920705749992e-02
2.546660613395070050e-02
2.480274440912196010e-02
1.554447010045378712e-02
1.690254280258232655e-02
1.493325190836506007e-02
1.741610608212202857e-02
1.976875397387386005e-02
2.614418941300827859e-02
2.999769037654943446e-02
3.897951903500413567e-02
4.911661214379055285e-02
