6.799836017885556583e-01
1.083631213190459561e-02
3.137630060161740800e-03
1.081236836575098651e-03
2.980013793034514899e-04
1.680771037004773606e-04
8.518171686982350889e-05
5.775063406207065094e-05
2.733947386342253422e-05
1.912974594391444861e-05
1.870604833161336304e-05
1.613852355838654587e-05
1.658908130923097824e-05
1.547492296386842670e-05
1.809588972731413439e-05
1.711327567783155922e-05
2.074703753953428261e-05
2.462404647478801410e-05
3.528481956827713177e-05
3.520497059234175164e-05
3.318656318126982508e-05
4.107547064808904629e-05
