1.020817971276921123e-02
8.920760519791133981e-04
2.763988805143815868e-04
8.429413181981690588e-05
3.082636006171324581e-05
1.910440762097344552e-05
1.417602261783997682e-05
1.106017009951515068e-05
1.232300479473463573e-05
1.611966034031226604e-05
1.966050998205556965e-05
2.884646456205599381e-05
3.426314414549896356e-05
3.549864788861155964e-05
4.328346591264064732e-05
5.802916228365858047e-05
5.521574467192926259e-05
3.707994197376467783e-05
3.565247410011636038e-05
4.457245391191613722e-05
3.736820289057075033e-05
4.477047201284729881e-05
