1.793247338304549299e+00
5.303499006354895906e-01
4.406284163072431981e-01
3.663111264750444906e-01
7.118275114976715945e-02
4.295320090358785425e-02
3.032966622182882432e-02
1.262825145096209238e-02
5.804717546949000190e-02
1.161728904355616016e-01
1.136327561997696189e-01
1.101545095193991741e-01
2.938306533323000735e-01
2.218620626412406704e-01
8.559214779371170090e-02
7.690511865619038823e-02
1.302723037177188070e-01
1.142527221401982707e-01
1.505588540755719296e-01
1.518179127176275955e-01
1.871364484313290943e-01
4.322332247533960392e-01
