-7.427529423884675452e+01
-8.033844459098514790e+01
-8.582753725331679107e+01
-8.952617690206747625e+01
-9.480313431049823691e+01
-1.002514964071957451e+02
-1.058719027043546674e+02
-1.114078263335090497e+02
-1.171091498767407160e+02
-1.226305115824531811e+02
-1.263245950223860632e+02
-1.318546736867396305e+02
-1.365418316807550525e+02
-1.416823573692273612e+02
-1.471933869326114461e+02
-1.508625183724065266e+02
-1.570586457616061864e+02
-1.608293605794287942e+02
-1.665295076404318309e+02
-1.720790567916714053e+02
-1.776210198150032511e+02
-1.831986936610783232e+02
