-2.327963368070911088e-01
-4.981412310535429100e-01
-4.767619100035838109e-01
-4.710226101858592251e-01
-4.612768460533211989e-01
-4.600180784962142333e-01
-4.603963569332446548e-01
-4.624015866019699494e-01
-4.647479271707137816e-01
-4.652961091211577083e-01
-4.647628276254843760e-01
-4.632974188091617540e-01
-4.606406201096931996e-01
-4.550358625405316326e-01
-4.522741940457475351e-01
-4.524277992987306707e-01
-4.526008202535711789e-01
-4.560283875191448733e-01
-4.636786892387596559e-01
-4.632416329884594397e-01
-4.641118370512251623e-01
-4.630535801928454820e-01
