1.582667206295553797e-01
1.985006160978639578e-01
1.933100458211237660e-01
1.931877813843556335e-01
1.918020006476670036e-01
1.914556462833892359e-01
1.914100386889391325e-01
1.914431072554009239e-01
1.913240183741248823e-01
1.903194937091086114e-01
1.905272304903571357e-01
1.903439956076051764e-01
1.922307845336956866e-01
1.870295907556289716e-01
1.878660939075749159e-01
1.885153649689659261e-01
1.907890993592951112e-01
1.934951968816043255e-01
1.904260669085595659e-01
1.904358626777034047e-01
1.903721188805584941e-01
1.887181559326729374e-01
