1.729702994016002293e+01
1.920444896874514029e+01
2.146863533143508462e+01
2.302831135198891133e+01
2.528386241455123695e+01
2.755434403362973939e+01
2.987511712324558033e+01
3.214760166042476897e+01
3.446491317011449240e+01
3.669316987280506481e+01
3.821870435244869668e+01
4.050921774835973110e+01
4.254718390102304681e+01
4.453595491411384444e+01
4.688219894829619960e+01
4.843800624687789025e+01
5.108889294152893967e+01
5.268811451861492401e+01
5.483785943196664192e+01
5.713263594352359576e+01
5.940940179138564758e+01
6.166602705837775744e+01
