6.667844934689555469e-02
1.026459710785669263e-02
2.838271932009113398e-03
7.328565658738813273e-04
2.909337996790055782e-04
1.356794958858097773e-04
8.927310697414464111e-05
3.716510114627991714e-05
2.478272332541794440e-05
1.883372957383482488e-05
1.496270623775151260e-05
1.469575023294865897e-05
1.287286707714117406e-05
1.362410824235891895e-05
1.339755631625768923e-05
1.868879035417593982e-05
2.051810100551178435e-05
2.450086865473905014e-05
4.100755530213379314e-05
3.799978225268917857e-05
4.505018385440831173e-05
