7.284230219443998608e-03
8.905218117466413884e-04
2.145161543663042349e-04
6.383681593994182228e-05
2.777421655586977578e-05
1.687077750185915899e-05
1.277316087582282856e-05
1.420082921993704529e-05
1.293313990023344334e-05
1.689363167890595198e-05
2.260817173141315542e-05
2.686572978157263710e-05
3.248599734689349252e-05
3.490271180713929854e-05
3.658907052863708724e-05
3.966647901962919539e-05
3.830552362588489351e-05
3.734683475130328183e-05
3.953020313591383398e-05
4.013280571265077381e-05
4.369231717906728644e-05
