2.021088987313977903e+00
1.368622812245547715e+00
1.005645983410606181e+00
6.771807916166275865e-01
4.791758175654484142e-01
3.365848649209645105e-01
1.988946435360890164e-01
9.677951058216079094e-02
6.236991999183469360e-02
3.811922306421196976e-02
2.980049049190323582e-02
2.294239012221776369e-02
1.636642240641575721e-02
1.455194288698243368e-02
1.404655322223924939e-02
1.737232236398950427e-02
1.746568911704808255e-02
2.661861990269556374e-02
4.903025817223315153e-02
4.021565473201586804e-02
4.873366022434030137e-02
