1.448768242594775935e-01
1.047120731440188690e-01
7.589630385947179758e-02
5.355066637990350820e-02
3.929496779979028270e-02
3.280749496937652304e-02
1.906731698699042771e-02
1.647398804096035507e-02
1.590727453158620811e-02
1.505040765052415713e-02
2.042330542414299774e-02
2.632655235829779033e-02
3.541586625889199536e-02
4.816387269215952754e-02
5.535463169492128854e-02
5.659256596320245275e-02
5.315857823666676057e-02
5.575470475732236669e-02
6.420610089860206982e-02
5.210415883731639441e-02
5.858813057113394784e-02
