2.649909238652665144e-01
5.745314531136259673e-01
4.769842618205651918e-01
1.423665855812013825e-01
2.794965247515358506e-02
4.153675324814071201e-02
6.265024343374432647e-02
1.264525873528261207e-02
4.344206896660801620e-02
8.334679279259318840e-02
9.792427623007948778e-02
1.252732199840133898e-01
3.074048140312685140e-01
8.215809045726089888e-02
6.915931907063883888e-02
1.001231875374411773e-01
1.321488594843796549e-01
8.810940684518328569e-02
1.909242411715423582e-01
1.525123539376219139e-01
1.836107175813640191e-01
