1.743290946764766147e-01
1.983161205709648156e-01
1.948258802417140445e-01
1.904840743356655541e-01
1.907946267318926803e-01
1.908583977838562706e-01
1.910001508347074495e-01
1.918814966834799796e-01
1.916084219853344539e-01
1.908627734429702016e-01
1.907530409096764856e-01
1.896543688913043813e-01
1.892660298454544865e-01
1.881038457079253767e-01
1.881236458842248105e-01
1.903193776798359771e-01
1.921004809531925428e-01
1.909864272032151256e-01
1.900130655226179854e-01
1.908852172512323087e-01
1.899193175527691402e-01
