1.778650357355425626e+01
1.962671174186658618e+01
2.185042334708826317e+01
2.413653510260841983e+01
2.639037040107348275e+01
2.794133884393107792e+01
3.060177817870895467e+01
3.367207282141236391e+01
3.520205200633693465e+01
3.747108261751394309e+01
3.973993363721908878e+01
4.125142669127557582e+01
4.351798772703106977e+01
4.647721837713511661e+01
4.874624940531344208e+01
5.035696438280046294e+01
5.268164828483881479e+01
5.489377093368721461e+01
5.637155084009584982e+01
5.914211104621600867e+01
6.134796484458573929e+01
