-4.469565040798215705e-01
-4.971146598994247157e-01
-4.800434817957199840e-01
-4.637252594331275901e-01
-4.603579355960378816e-01
-4.600522567934434148e-01
-4.599609495137399473e-01
-4.630016034773291045e-01
-4.642067384935522067e-01
-4.648091396905862371e-01
-4.642263242988380334e-01
-4.634529845986141705e-01
-4.582080749629677818e-01
-4.535379768879945761e-01
-4.529792203642375448e-01
-4.525628020322316480e-01
-4.546516201725632200e-01
-4.613746093948464244e-01
-4.644719008704152330e-01
-4.633926311197784642e-01
-4.637138653691295076e-01
