-7.683751733879593360e+01
-8.138976520714624030e+01
-8.675861206158663208e+01
-9.221372931982631371e+01
-9.754044084515805935e+01
-1.012612245085918374e+02
-1.076692213147694304e+02
-1.151061747040235161e+02
-1.188846956256386420e+02
-1.244649652733466780e+02
-1.299739781550566136e+02
-1.336991305915035468e+02
-1.390306851651525051e+02
-1.461849814539545775e+02
-1.515811397148163735e+02
-1.552617294716491756e+02
-1.607758674881984859e+02
-1.664666882147869273e+02
-1.702766069551353780e+02
-1.768680008217746717e+02
-1.823274603190544667e+02
