5.772752481385919232e+00
1.344825910004287639e+00
9.727680621962118135e-01
7.299968080771404022e-01
4.689408090341776747e-01
3.530474374338773424e-01
2.237792074147880172e-01
1.190264226467332292e-01
6.885205451254984566e-02
4.534015874026244702e-02
3.196790741959543158e-02
2.121923792287577770e-02
1.931409873798605598e-02
1.683873964611908372e-02
1.522653810293739252e-02
1.395615594443767350e-02
1.800072522639302106e-02
1.766781820080708804e-02
2.558662118690873191e-02
3.558562829947173323e-02
4.852244362605464406e-02
8.980519474908764399e-02
