6.799836017885556583e-01
1.083631213190459561e-02
3.137630060161740800e-03
1.081236836575098651e-03
3.003609836395356044e-04
1.681278150368098912e-04
1.048357529457118642e-04
5.644529519060095921e-05
3.603330053400479913e-05
2.630072158255451030e-05
2.159479789965267066e-05
1.696694554713525197e-05
1.753764889916990639e-05
1.463606307175469102e-05
1.663129154120956699e-05
1.338667349703811138e-05
2.060251304785051436e-05
2.397698687860595063e-05
2.523845279259943983e-05
2.675785098351316033e-05
3.436481278253104225e-05
5.890420430624171465e-05
