1.666286496046745225e-01
9.696220822038693898e-02
7.161703645518582850e-02
5.188910468041084412e-02
3.710180322071133380e-02
3.129711611618957168e-02
2.102209310736709302e-02
1.627038606314001531e-02
1.575006007332208427e-02
1.825566161636124618e-02
1.837429739394681738e-02
2.282376588305803922e-02
2.319389036692623765e-02
3.147055204273946361e-02
5.312504185247397814e-02
6.132718277704594934e-02
5.755310793168627592e-02
5.149387164151428276e-02
5.533772747377992129e-02
7.834444622311946549e-02
6.585337099052743226e-02
1.026490483293203138e-01
