1.020817971276921123e-02
8.920760519791133981e-04
2.763988805143815868e-04
8.429413181981690588e-05
3.294705374701020767e-05
1.906044776892026671e-05
1.394573962756848872e-05
1.386960954091789957e-05
1.532172693261411419e-05
1.766209953106762367e-05
2.396804842944332532e-05
3.673674813614826915e-05
3.461497556399672332e-05
3.291721135210136465e-05
4.787413316390876951e-05
4.739770646642570411e-05
4.337455153148946665e-05
4.107998169065787269e-05
3.747736829281910739e-05
4.201423409775984820e-05
3.695826208202318514e-05
5.698120413995999063e-05
