1.852453304623460140e+00
3.998551368875036816e-01
3.143836950227778537e-01
2.063821896291092028e-01
8.763169431164183343e-02
1.761283762207533632e-01
1.734721858033889952e-01
1.239054136943146117e-01
1.211739782160783929e-01
1.132524187316701902e-01
1.126437715903218506e-01
1.283144367575830558e-01
1.184451150340645603e-01
1.619910316244594084e-01
1.770328720633484731e-01
2.041039467663486318e-01
2.560907306618923629e-01
2.839997011075320876e-01
1.298764892776251012e-01
1.214962993753568310e-01
1.127788107509192922e-01
1.340326601697288955e-01
