-2.327963368070911088e-01
-4.981412310535429100e-01
-4.767619100035838109e-01
-4.710226101858592251e-01
-4.611660308747134174e-01
-4.601168538781560402e-01
-4.602453986183607793e-01
-4.635463676377065134e-01
-4.639634244389345685e-01
-4.651455826551427197e-01
-4.651541486449540796e-01
-4.640316823783021682e-01
-4.631810881135560720e-01
-4.576711691220398670e-01
-4.546262296968162087e-01
-4.527983992643709321e-01
-4.525693027508350674e-01
-4.547203944420532551e-01
-4.615302071163209785e-01
-4.623151012591171227e-01
-4.617728631379982573e-01
-4.613906402040592880e-01
