1.727487259927188390e+01
1.916673385168654065e+01
2.141450851860518156e+01
2.296262750631824190e+01
2.521416325309867190e+01
2.787752957065896453e+01
2.941754870082870355e+01
3.176476327822954104e+01
3.328800251744251426e+01
3.550914906813813587e+01
3.705630802061797624e+01
3.934103247039293194e+01
4.160823135358300817e+01
4.314868067142008101e+01
4.596819749794492083e+01
4.753202090517750378e+01
5.030743394449974204e+01
5.264308251612271761e+01
5.523039400894883499e+01
5.676644038636719358e+01
5.910805648854698546e+01
6.133155739021830044e+01
