1.582667206295553797e-01
1.985006160978639578e-01
1.933100458211237660e-01
1.931877813843556335e-01
1.912899445057505976e-01
1.912392766411612210e-01
1.913364433709191514e-01
1.919145471159664218e-01
1.915980491677029551e-01
1.908563719036314721e-01
1.907817315179776152e-01
1.900077988708366306e-01
1.904044943461769002e-01
1.912850935988492651e-01
1.864411035237640846e-01
1.863792178273024902e-01
1.904706624116707658e-01
1.926754012361078239e-01
1.909775456756817036e-01
1.914949857051508886e-01
1.918871653180562742e-01
1.915873109079493375e-01
