-7.424270275169376987e+01
-8.024379775708496254e+01
-8.569404391851581693e+01
-8.936602921460432469e+01
-9.467730316956632919e+01
-1.010605355222181032e+02
-1.047820574207225377e+02
-1.104875392764817974e+02
-1.142131875339112668e+02
-1.197028771575876647e+02
-1.234706884425660007e+02
-1.290608178310436926e+02
-1.345198380287060331e+02
-1.380055008765384059e+02
-1.451761386319808196e+02
-1.488011039534801796e+02
-1.551258861635490121e+02
-1.606545239967950351e+02
-1.673219972649437182e+02
-1.710907680794279031e+02
-1.766906936225588822e+02
-1.821138618643525149e+02
