7.497316750000000418e-01
6.208975770000009220e-01
5.772341760000010424e-01
6.745704129999978704e-01
7.707219649999998978e-01
6.909079189999971504e-01
3.325915259999945306e-01
2.916688720000024659e-01
2.731572189999980083e-01
1.940659689999932880e-01
2.537814989999986892e-01
2.976437880000020186e-01
8.585639300000025287e-01
5.867227380000201720e-01
2.055513180000048123e-01
2.488098949999937304e-01
3.972514939999882699e-01
8.298700379999957022e-01
2.268934079999951337e-01
1.536752650000039466e-01
3.971324320000064745e-01
1.847318070000000034e+00
