6.621314309999999370e-01
2.436599909999994651e-01
3.019867329999996741e-01
2.469526010000002714e-01
2.335495350000016401e-01
3.753200909999989676e-01
2.172346709999999348e-01
2.818178730000084897e-01
2.595461630000102105e-01
3.999913050000003523e-01
3.407911470000044574e-01
3.251819380000000592e-01
6.883827160000066669e-01
3.556293789999926958e-01
3.903068520000090302e-01
3.465183710000019346e-01
2.951588429999958407e-01
4.385026349999918693e-01
5.439710629999865432e-01
2.080118080000090686e-01
1.283159729999852061e-01
