9.010875019999999846e-01
5.394054340000007386e-01
6.434188110000000904e-01
7.918126330000028190e-01
5.889229170000049862e-01
2.684701640000000111e-01
3.536400389999982963e-01
2.698368009999967398e-01
4.953119919999977583e-01
2.243737569999950665e-01
2.723924510000017563e-01
2.790796010000065053e-01
8.648216440000169314e-01
3.637115909999977248e-01
3.056857480000019223e-01
3.663024330000155260e-01
3.731057990000010705e-01
7.838806300000271676e-01
4.148994170000150916e-01
3.044745450000050369e-01
2.758367419999956383e-01
3.178698320000137301e-01
