2.690318800000000010e-01
5.146417620000010018e-01
4.578377129999999795e-01
2.252930380000037758e-01
3.563197460000040451e-01
6.457836109999988139e-01
2.333527549999985240e-01
2.478077410000025793e-01
3.454270919999942180e-01
2.149609509999947932e-01
2.109339990000052012e-01
1.774911470000120062e-01
2.478284039999891775e-01
2.608761349999895174e-01
2.347291290000157460e-01
4.928623549999997522e-01
9.679975269999943066e-01
5.652537689999803661e-01
4.773407350000127281e-01
3.847490789999881144e-01
1.661732735999976285e+00
