7.567212138470950922e-02
4.375327284455145238e-02
2.992065387770650314e-02
2.306779508290311004e-02
1.800636697044223286e-02
1.527566450307336031e-02
1.354525255196770313e-02
1.308278818601499652e-02
1.402431915047404679e-02
1.382854907233648130e-02
1.518913934533138235e-02
1.540669554499714267e-02
2.234969815179761385e-02
3.403604278241474657e-02
3.026409439756816075e-02
3.819910035994802250e-02
4.020388698423695700e-02
7.616285451896596947e-02
1.015858456315579667e-01
1.210284422697207457e-01
2.610761783310671658e-01
4.471382104887164366e-01
6.247463245426375655e-01
9.716469496231445735e-01
7.738956795444998926e-01
5.772438724929155329e-01
3.704535437811630194e-01
3.014012107868096479e-01
2.350766344543445130e-01
1.760528366745506001e-01
1.472831290881058131e-01
1.267235084797683209e-01
1.036642311241375708e-01
8.581466342680207915e-02
6.650296718813152042e-02
7.088363817344338347e-02
7.500727843530263783e-02
8.213269427315930682e-02
6.512186754195292693e-02
6.758317074528098767e-02
1.436890738815158330e-01
