5.359875858406439875e+00
6.907556859253817516e-02
1.635038235109028543e-02
5.861258920488281350e-03
2.972415800475092414e-03
2.025195904357255782e-03
1.157542508575730043e-03
1.184282014014039538e-03
1.015869938521936139e-03
1.093881059782908548e-03
1.410183873392849979e-03
1.368252223809931232e-03
1.981910461768139273e-03
2.794426624027769590e-03
2.916730160509971824e-03
3.845890579566595482e-03
4.257692765387431806e-03
7.132911604564732069e-03
7.822953561120097113e-03
8.243459079067516279e-03
8.357652913199476244e-03
6.944618902340522239e-03
7.863974205352184180e-03
9.313217790759021134e-03
6.984226436863607418e-03
4.184325478179072751e-03
2.197287471651103614e-03
1.343266828807667106e-03
1.008341857664667423e-03
7.136608853289612593e-04
5.383281514671018004e-04
4.315731592759682652e-04
3.501876444961774686e-04
2.714001910341590153e-04
2.527256566814279075e-04
3.134303036337123699e-04
4.939428739875220383e-04
8.760309560235330978e-04
8.142969370515237750e-04
5.246537872775363818e-04
4.959291433029595474e-04
