4.314834898501097626e+01
4.954415034666620699e+00
3.018340032993119149e+00
2.116436146212805181e+00
1.695661026463315624e+00
1.487396161901004321e+00
1.219385070539488858e+00
1.229540980550037688e+00
1.053486316328463568e+00
1.130888292193119149e+00
1.208108993396518116e+00
1.303535489007553005e+00
1.802226791357905755e+00
2.200929140748877799e+00
2.107658606521882749e+00
2.238542363343371644e+00
2.485656787353904384e+00
3.586256857647985630e+00
4.033420174391154411e+00
5.215034059991745963e+00
9.289961754113841508e+00
1.369595297207827933e+01
1.715461531158561925e+01
2.158330642686818024e+01
1.514998996376534635e+01
9.807311080830714900e+00
5.756930415715447502e+00
4.050404058621507986e+00
3.082439034137362199e+00
2.242111087369141664e+00
1.628563272487232760e+00
1.240474244196649645e+00
8.825984337826944248e-01
6.393518855627098318e-01
5.385772182839729805e-01
5.792549924650858273e-01
6.650181018404427435e-01
8.375855272073050584e-01
6.875178657348852695e-01
6.342570395461354371e-01
1.271446159512084284e+00
