1.064365477074286429e-02
6.798883777774298014e-04
1.782585735477736869e-04
7.671590778073124101e-05
3.418508905060651431e-05
1.981305691120973823e-05
1.364198513807711058e-05
1.218088626905908963e-05
1.393144212826822534e-05
1.312087322116077466e-05
1.687597378168078616e-05
1.958702474335121831e-05
2.812727257477557627e-05
4.839520107507372593e-05
5.962985597683887617e-05
9.075804884359854586e-05
1.207339220090773469e-04
2.395917577601897638e-04
3.273030509458799814e-04
3.847632096968651668e-04
4.000480710359332823e-04
3.263339879089352611e-04
3.364852755147486850e-04
4.547076547053954701e-04
3.817315906980859935e-04
2.645983944156110688e-04
1.552937148310735169e-04
1.208511079851688064e-04
8.120722925586988650e-05
5.843360522416392479e-05
4.909736174389526305e-05
4.179840902181897996e-05
3.555091044533093247e-05
2.944291780355436197e-05
2.768734685490346984e-05
3.871350076411930567e-05
6.061256528344680994e-05
1.031859711801212361e-04
1.118278466794565108e-04
8.921753819094608315e-05
9.438930497368606910e-05
