1.022558030784021810e+01
1.951873246353514890e+00
2.115855274613331449e+00
9.427135278114565642e-01
2.872089752170390753e+00
6.364237474283226392e-01
3.452676827732174547e-01
1.165136109438159318e-01
1.072875071880413200e+00
5.700713620402745319e-01
1.327366227780968577e+00
1.519867408642613160e+00
1.216757187271454654e+00
1.304571772551056608e+00
1.175909706868383697e+00
7.776217717996083412e-01
1.469990266338266238e+00
8.087647488203979051e+00
4.599337181423372722e-02
2.472685408145541608e+00
2.287186403391817002e+00
6.447391939037338204e+00
5.967878320628055455e+00
6.272773024684158649e+00
4.762714117650661549e+00
3.677069386375509730e+00
1.410688089478309593e+00
1.463319884166585982e+00
8.987489264038477366e-01
2.341529822057695498e-01
9.284120358588560107e-01
1.539616791481098534e+00
2.125971016851010198e+00
2.713611216939756599e+00
3.216490692023323827e+00
3.816012699594263147e+00
4.770359114349278506e+00
5.703515967777748941e+00
4.095628739854460854e+00
3.790855585746200074e-01
8.792576355634177387e-01
