-2.469096069047509445e+00
-1.457541127950907622e-01
7.107759612300323937e-02
-1.210885122503588818e-01
-7.663098981721150338e-02
-1.740383070616391414e-01
-1.926158426541375590e-01
-2.117118277484204558e-01
-2.501574595849413996e-01
-2.376776479636506512e-01
-2.590852290483141029e-01
-1.749423924169426492e-01
-1.898987816558075359e-01
-2.058488861759163457e-01
-2.121332075856945387e-01
-2.459388220039966377e-01
-2.623338698374571010e-01
-4.266064444164707758e-01
-2.079298489078480472e-01
-1.961254374792993360e-01
-2.465332514969493793e-01
-1.140426572508550507e-01
-1.750270320510960431e-01
-2.328718959337958694e-01
-2.742569139108148590e-01
-2.823686739110318200e-01
-3.176709451877091084e-01
-2.912303801515525592e-01
-2.743840739775702531e-01
-2.759535181513168567e-01
-2.627787498130786936e-01
-2.605358811913438544e-01
-2.563578364638652296e-01
-2.547492595988067876e-01
-2.427497241731471078e-01
-2.358715737990517702e-01
-2.367868475777861192e-01
-2.345814769203276029e-01
-2.171620876935715927e-01
-1.867443509936097534e-01
-1.823864141751629919e-01
