-3.120530020542239527e+02
-3.055485080096832462e+02
-3.032689559683439029e+02
-3.071844797619655196e+02
-3.066809558319356483e+02
-3.107549293046262733e+02
-3.129178047753613328e+02
-3.147371120515583698e+02
-3.178201335275182373e+02
-3.189595686494022289e+02
-3.212227397734038163e+02
-3.204150202484279362e+02
-3.228084809048779675e+02
-3.243036051768368679e+02
-3.262111978044072202e+02
-3.301089779497361860e+02
-3.328778336397170960e+02
-3.412280866388576328e+02
-3.350606201141933411e+02
-3.341658867742476673e+02
-3.363694337381136279e+02
-3.339236427883067222e+02
-3.359322182347898433e+02
-3.381443598309346044e+02
-3.421227057691430105e+02
-3.455631625909807099e+02
-3.498663901386061639e+02
-3.522515305392674350e+02
-3.547509846822255781e+02
-3.582118460649701319e+02
-3.616939527110607173e+02
-3.646692139379761670e+02
-3.676132555726205737e+02
-3.705453714393663063e+02
-3.746459125370073480e+02
-3.799987636344804969e+02
-3.857135431491415716e+02
-3.926051119757032097e+02
-3.946978597933833726e+02
-3.947886034990535791e+02
-3.960132613346991093e+02
