-3.555984137952492574e-01
-4.238669349060080194e-01
-4.112918173690882639e-01
-3.982231533367590615e-01
-3.835444519724569012e-01
-3.771662964889718195e-01
-3.804799500880707286e-01
-3.765259730602810162e-01
-3.714623129635452603e-01
-3.733365323436753647e-01
-3.744123919446429860e-01
-3.730878110585909013e-01
-3.752999746479684373e-01
-3.834642796198398651e-01
-3.887874731262069283e-01
-3.983257886067351761e-01
-4.000415557569324543e-01
-4.266952821041442023e-01
-3.853340696084527339e-01
-3.758349879450242348e-01
-3.807912430186952690e-01
-3.462171204391342738e-01
-3.563243233767388052e-01
-3.662073483658969675e-01
-3.756876959675601313e-01
-3.787907802706965699e-01
-3.903011492528828397e-01
-3.810809903348029160e-01
-3.747945094040198155e-01
-3.765337513404692915e-01
-3.756686812537407549e-01
-3.740988344213964645e-01
-3.718419932490427682e-01
-3.711876887581272433e-01
-3.631962879395564947e-01
-3.592592649566601626e-01
-3.586918517434709575e-01
-3.580380302319048358e-01
-3.528276770210860835e-01
-3.412620256456545542e-01
-3.396383756378655860e-01
