-2.761319055377791543e+00
-6.519517814265404887e+00
-9.682320170130935821e+00
-1.427425604357233802e+01
-1.686956175605141084e+01
-1.988051815315009918e+01
-2.300233794112947550e+01
-2.551771550504264496e+01
-2.904788668379476491e+01
-3.178773570067083298e+01
-3.429909376747745853e+01
-3.742062759677450146e+01
-4.088873782503207366e+01
-4.368813297949895968e+01
-4.685765965364338115e+01
-5.083617059736911870e+01
-5.466172154970173835e+01
-5.911029949825841356e+01
-6.073217545313271160e+01
-6.265053415496113587e+01
-6.603224481348185293e+01
-6.757518751104250043e+01
-7.028108537127786803e+01
-7.437631120633494675e+01
-7.910760755892481200e+01
-8.357197967433984331e+01
-8.794765758793968757e+01
-9.209122720385745708e+01
-9.567146741993070691e+01
-1.003772196512865094e+02
-1.057422581322432222e+02
-1.101325599188345166e+02
-1.145082137575607391e+02
-1.188994751380843695e+02
-1.251848876771148014e+02
-1.336341691344937601e+02
-1.422052351904926581e+02
-1.528929687159067896e+02
-1.587237537715200233e+02
-1.635879768776716787e+02
-1.673157554502401467e+02
