5.359875858406439875e+00
7.587641668873133793e-02
1.062880893220622888e-02
4.804795540649344464e-03
3.071611035755015835e-03
1.660684136922592783e-03
1.397363637579871485e-03
9.833572711339046320e-04
9.983815085294106464e-04
1.085709600393618308e-03
1.068203468559277306e-03
1.453481962128584225e-03
1.674574149090942788e-03
2.067573116566367303e-03
2.753225818722987613e-03
4.832033398202031579e-03
7.269561477893822510e-03
1.054961248919419718e-02
8.121373460119011775e-03
9.939449085888302921e-03
6.987509778120627214e-03
7.870530780845848631e-03
9.914224932954518454e-03
6.801111756294588896e-03
3.808931164109278459e-03
2.142853426474597943e-03
1.233945193447512530e-03
1.070372041203883828e-03
7.395140925280114380e-04
5.700993343876480145e-04
4.492371689788190645e-04
3.737546417043161083e-04
3.119401355013927380e-04
2.687372963030334994e-04
3.324980196539025021e-04
5.040054465730962885e-04
9.018650661780922614e-04
1.235808848177672109e-03
7.854500678065669305e-04
4.312348430323246248e-04
3.735031533874505569e-03
