1.064365477074286429e-02
4.901055158383487180e-04
1.178592877726183274e-04
5.347550831730575377e-05
3.000423315230488252e-05
1.964788593354951015e-05
1.179853799321637865e-05
1.115188503026600818e-05
1.347524813112682832e-05
1.472467598234246065e-05
1.623950004005288731e-05
2.004182105434721198e-05
2.695667130885955577e-05
4.366109109297043437e-05
6.369175398476348304e-05
1.359686986251335027e-04
2.405214245942703839e-04
4.137183594384519149e-04
3.874197707143847398e-04
4.583261069048017453e-04
3.275498100548997898e-04
3.356517435572205308e-04
4.486817531855754682e-04
3.483410634010780660e-04
2.220682520991067155e-04
1.415166250380911408e-04
9.105181389533210435e-05
8.102115967299874976e-05
5.864329505613470410e-05
4.980590237738632996e-05
4.087338738241886715e-05
3.263903521450496083e-05
2.524944842984969205e-05
2.771815083341386523e-05
3.901912402444542455e-05
6.073513601525870809e-05
1.047803406369925133e-04
1.586898648411447688e-04
1.208820809114159804e-04
8.101100596686128317e-05
5.466611264519801155e-04
