7.567212138470950922e-02
3.628709353287243311e-02
2.791103592163923786e-02
2.285759468091142985e-02
1.940631568413317409e-02
1.691586863431058380e-02
1.443709384790293690e-02
1.448473918155378758e-02
1.338192320521292521e-02
1.400162863295482431e-02
1.371419878296393537e-02
1.659233509244942631e-02
1.985257561795730763e-02
2.862107946101847752e-02
3.064849905847247258e-02
5.907800648901700979e-02
7.648205728622842203e-02
1.100144039642459576e-01
1.205200427869383140e-01
2.699751154535252051e-01
4.471769633806604305e-01
6.270055384846727753e-01
1.028797490701586881e+00
8.086496700547366467e-01
5.687623326777309085e-01
4.022913565648865708e-01
2.760099474900555849e-01
2.401744983336750183e-01
1.776841489269259111e-01
1.373083297724099205e-01
1.035590808592610074e-01
7.801161911497180024e-02
5.915558717419613227e-02
6.650858656152910942e-02
7.106388248922684836e-02
7.501955699420831403e-02
8.217737397885493955e-02
7.687863530877347973e-02
5.644719818221138885e-02
7.594864025669835483e-02
5.045445740280197100e+00
