4.314834898501097626e+01
4.774324597333526654e+00
2.701312299374165171e+00
2.138828900046773729e+00
1.860771509578033278e+00
1.506749052386032961e+00
1.429110850860883408e+00
1.283933548359556198e+00
1.157969974512370825e+00
1.111948347532354608e+00
1.188980719690974297e+00
1.516990309147351779e+00
1.525128617581308133e+00
1.781080384167426311e+00
1.966455842173662649e+00
2.880785696273783003e+00
3.653776049974640117e+00
4.318424751356696234e+00
5.296229801555152328e+00
9.553848500793156617e+00
1.367245532156480081e+01
1.726588614243706132e+01
2.357525535228413460e+01
1.631495543549728211e+01
1.012781064598115499e+01
6.394055176540997643e+00
4.054292337169130178e+00
3.222055524569600760e+00
2.328614865061315431e+00
1.622824897098615882e+00
1.120962066385887246e+00
8.044579978232462292e-01
5.991771810091334194e-01
5.466823966294421799e-01
5.883715448784868629e-01
6.606672517010636625e-01
8.156976928044519237e-01
7.632960608296461835e-01
5.794710243362124480e-01
7.967468025840749313e-01
3.848615143866612698e+01
