9.978584525332916400e+00
1.670688221972039811e+00
1.304108825371972591e+00
2.204289537571858304e+00
2.871119951172696361e+00
8.307927410605009388e-01
5.306392741162024862e-01
5.606613184157960283e-01
1.177450434704537807e+00
1.197761086725240176e+00
3.904221553847385673e-01
1.383036588070314155e+00
2.874955901832514815e+00
2.244995420174015432e+00
7.270455297356301916e-01
2.152166119307370007e+00
8.312440676281418916e+00
3.452372004048708476e+00
2.836960081535515155e+00
3.396047716580608888e+00
6.442141254501906111e+00
5.767154696239029654e+00
4.800998489148207149e+00
3.183259537794304705e+00
4.177461140794145322e+00
2.730950550733922455e+00
1.701122894703983812e+00
2.009716447149699103e+00
1.280061516266556731e+00
9.515263319256616059e-01
9.239845442964217392e-01
9.464445304627571165e-01
1.445096790653878305e+00
1.626695052404436792e+00
2.487847659297567127e+00
2.897030590267023697e+00
3.747748340581108284e+00
4.225509478253440143e+00
2.618711201302874603e+00
3.764939674391087454e+00
3.990657923226665904e+00
