-2.725759213998267150e+00
-8.038595506975298122e+00
-1.133463639805849787e+01
-1.415404331743019917e+01
-1.696354609728156504e+01
-1.997441943954178356e+01
-2.489353332178456668e+01
-2.824193434593953000e+01
-3.131663669755904422e+01
-3.470885611656639469e+01
-3.794163381335461338e+01
-4.135017640697427055e+01
-4.377354140303553720e+01
-4.692580704284051762e+01
-5.094148997543435087e+01
-5.405713566037427142e+01
-5.799404696782261226e+01
-6.062836054953256593e+01
-6.221464744289647797e+01
-6.448594268619204684e+01
-6.782608817628185705e+01
-7.041925813623458907e+01
-7.476669975560609771e+01
-7.956050012167536067e+01
-8.334515747167775146e+01
-8.800878307398893696e+01
-9.258645267927077782e+01
-9.471911902428882968e+01
-9.966733710440891514e+01
-1.038463494675171148e+02
-1.083054720350081084e+02
-1.127102274542135376e+02
-1.172047258614720562e+02
-1.211634226602436399e+02
-1.317430532397386855e+02
-1.380648703364705909e+02
-1.465667165967642234e+02
-1.529389867721933172e+02
-1.571541208040426909e+02
-1.628093963068662333e+02
-1.669068684332838473e+02
