-3.118060924473192017e+02
-3.060001551125430410e+02
-3.050435782648680743e+02
-3.057344561159508771e+02
-3.067116195852218539e+02
-3.105859994887977109e+02
-3.141950424040739449e+02
-3.158523004321692724e+02
-3.190291692809654478e+02
-3.210972309913812524e+02
-3.214674572450342680e+02
-3.225262417459358630e+02
-3.226696015463073763e+02
-3.250436542162639739e+02
-3.286193330209609371e+02
-3.330627492127346727e+02
-3.407917073030676534e+02
-3.380023969837433810e+02
-3.334551499587060448e+02
-3.344197434841524910e+02
-3.338585468056384684e+02
-3.360480760442861765e+02
-3.395891262724732655e+02
-3.437007976186923770e+02
-3.452133477840118303e+02
-3.492147587807742184e+02
-3.527680215004925799e+02
-3.539986535676108588e+02
-3.576052624011878152e+02
-3.604443634418379929e+02
-3.633920184711598154e+02
-3.660528449895876406e+02
-3.693333709360136368e+02
-3.718319774734064254e+02
-3.788315004898786356e+02
-3.828960681042028682e+02
-3.885990704977705263e+02
-3.926939212500012104e+02
-3.908646390905381054e+02
-3.931788566278004282e+02
-3.954058444839399158e+02
