-2.469096069047509445e+00
-1.293135599072527953e-01
-3.338816885296935766e-02
-4.802147669896950077e-02
-6.878922070554960300e-02
-1.621755577394368153e-01
-1.961042572551017216e-01
-2.003948296793267581e-01
-2.481750176486410275e-01
-2.383503441336318196e-01
-2.059525911951750610e-01
-1.601958908532697956e-01
-1.450187206321036371e-01
-1.753680435726663323e-01
-1.986168435940844912e-01
-3.042608096814771734e-01
-4.461245160862246095e-01
-2.782444068003488979e-01
-1.814877654594804213e-01
-2.161675205353916773e-01
-1.074237442275145504e-01
-1.782993437893969357e-01
-3.023626609898619755e-01
-3.287001686764430275e-01
-2.692934949527061583e-01
-2.908753340577185931e-01
-3.029263492526657053e-01
-2.709016938645887329e-01
-2.731871340249441005e-01
-2.695314032923503689e-01
-2.618019785369241070e-01
-2.496680295143574035e-01
-2.561488156426841023e-01
-2.409231361161459084e-01
-2.374982805323742063e-01
-2.362654202544867132e-01
-2.373831849822454210e-01
-2.376461284976016941e-01
-1.822017652830099088e-01
-1.748015821444903750e-01
-1.723436428814828503e-01
