-3.555984137952492574e-01
-4.159736426242597318e-01
-4.009614741009310812e-01
-3.905055620991464416e-01
-3.838660726293792180e-01
-3.781528990348583252e-01
-3.787590541962924107e-01
-3.784648674173981542e-01
-3.738232565739736390e-01
-3.716565010136808067e-01
-3.742717300883055542e-01
-3.747192060469917152e-01
-3.718340688503321001e-01
-3.798176219152649691e-01
-3.909524796049561601e-01
-4.034113595487288650e-01
-4.279329220124195032e-01
-3.973028789872976585e-01
-3.729207990733640621e-01
-3.749765708712256007e-01
-3.455185918901272357e-01
-3.582933038104567647e-01
-3.827195298392273015e-01
-3.913344515073965413e-01
-3.745558634280897747e-01
-3.808517488381031879e-01
-3.852217933327813926e-01
-3.741679551051768637e-01
-3.761310552441570199e-01
-3.767746046148242600e-01
-3.746539208598429482e-01
-3.716100194265536949e-01
-3.718453420530132281e-01
-3.629725577701666817e-01
-3.593682461419197560e-01
-3.585274211461393357e-01
-3.586085832616144886e-01
-3.593293139878145359e-01
-3.397220882059022173e-01
-3.367622281608189105e-01
-3.357462658639667197e-01
