5.359875858406439875e+00
6.907556859253817516e-02
1.635038235109028543e-02
8.277230710857551646e-03
3.471392142576604830e-03
2.024415005767093295e-03
1.291818964402166982e-03
9.156772372058729400e-04
9.145977372489550936e-04
9.770896794861370568e-04
9.481450611725940726e-04
1.050991872837208794e-03
1.308512269920679731e-03
2.116705849040543142e-03
2.828601949091868496e-03
4.679998133495263772e-03
7.269563720608853558e-03
1.045519880837857130e-02
4.194906247139121649e-03
3.335067628954669315e-03
4.132469572818640337e-03
3.816462654242712589e-03
3.001771185270870994e-03
1.696809254469465325e-03
1.161649401708769389e-03
7.825535710107312795e-04
5.839523897404547484e-04
4.228367630266541776e-04
3.630290122273442557e-04
3.094889171046574772e-04
2.567756691317465870e-04
2.870875148125916427e-04
3.814570745995343173e-04
6.560227569533136436e-04
1.230918270823026881e-03
1.746223437139715791e-03
1.048690897721589899e-03
3.404387257780575569e-03
