7.567212138470950922e-02
4.375327284455145238e-02
2.992065387770650314e-02
2.308903628221047402e-02
1.903077118829325093e-02
1.586512241756670230e-02
1.355180018722294127e-02
1.246176148503341102e-02
1.199452697590380930e-02
1.177821539286409529e-02
1.391604489165436560e-02
1.620608360080610585e-02
1.815184178919303573e-02
4.509622792606208380e-02
2.957266697481426843e-02
4.093688542419467169e-02
7.648206030175928871e-02
1.094984299142036654e-01
1.082464074452159503e-01
2.284190703250032484e-01
4.105677270146831925e-01
5.005840281277241788e-01
5.740735219319148541e-01
4.467232455611743203e-01
3.646116362525528287e-01
2.191113597946607594e-01
1.921251763711143978e-01
1.374490088349492045e-01
1.155167709480140331e-01
1.121488892915005059e-01
6.785048761287496011e-02
6.919455481776039252e-02
7.300884711913087355e-02
7.831365428248740490e-02
8.601070387460559019e-02
7.754471676682204995e-02
6.224358314174849305e-02
4.718308958723847368e+00
