1.064365477074286429e-02
6.798883777774298014e-04
1.782585735477736869e-04
7.440172441980412660e-05
4.020245940544371914e-05
2.221396022494420708e-05
1.388989567244304499e-05
1.145992563744979810e-05
1.003138946416025536e-05
1.003929734250896903e-05
1.283677355347906633e-05
1.513712314471488520e-05
1.926921834093330677e-05
4.979632283324296265e-05
6.375058326304199497e-05
1.272705324300202312e-04
2.405214833569601664e-04
4.129097327737645050e-04
2.117281251870394758e-04
1.699526891788113113e-04
1.780714093524881009e-04
1.588719177807614003e-04
1.428805753933825315e-04
9.514525989071545933e-05
7.866461119081584431e-05
5.938579341369639109e-05
4.832886610474645007e-05
3.517415286849597759e-05
3.117860533527997438e-05
3.174798948146632574e-05
2.263833714806493802e-05
3.183014105223674298e-05
4.843004556519167050e-05
7.874670270641766657e-05
1.418663739244751913e-04
2.186954319390395547e-04
1.593568549199073385e-04
4.864800631187782883e-04
