4.314834898501097626e+01
4.954415034666620699e+00
3.018340032993119149e+00
2.396230786360109111e+00
1.775458820398225779e+00
1.488120368360963397e+00
1.252857410539540695e+00
1.115162864168491197e+00
1.031209440386505971e+00
1.103645261419030854e+00
1.212048529508156003e+00
1.249553355775304464e+00
1.601510597584471007e+00
2.183221177367558052e+00
2.207136329432491717e+00
2.562304859023172732e+00
3.653776536174946354e+00
4.254251532329651475e+00
4.668184160022681439e+00
7.970557494268785348e+00
1.206568493637052875e+01
1.332863160749157672e+01
1.263993452720369959e+01
8.358803374927191499e+00
5.706893487258320796e+00
3.090406568068922777e+00
2.433323903577362834e+00
1.679331802649748351e+00
1.274726865842632950e+00
9.336716727763959556e-01
6.016020611688606134e-01
5.730321697042725093e-01
6.034710126372081485e-01
7.327466667932466260e-01
9.287397369567133021e-01
8.286704063428462774e-01
6.556038019552856699e-01
3.633889394510349291e+01
