1.038101139166401232e+01
1.975524141418290247e+00
2.139099757202030272e+00
1.713859825628742950e+00
1.715103041064343747e+00
4.957194772083700074e-01
6.186896116713409555e-01
4.471744554930681126e-01
2.140509771962745056e+00
2.829464822914411037e+00
3.999623851085246096e-01
4.108208090746082730e-01
1.761512615803513482e+00
2.534481904145638342e+00
5.699856156774646410e-01
1.795735566250829640e+00
8.658933519593311701e+00
3.517601584675062121e+00
4.727522467673843098e-01
2.132002424992437639e+00
7.081864793225375543e+00
4.845416835335542238e+00
3.104084927486658430e+00
1.523751603411805045e+00
2.652103244986675490e-01
8.335004458637090829e-01
1.316254867662908890e+00
1.717077749803229469e+00
1.190079768107628944e+00
1.597325922737080628e+00
2.072723331150221338e+00
2.954185538520201160e+00
2.761699916396485488e+00
3.083283236198808286e+00
3.262845277900042085e+00
2.706752956576570668e+00
1.967542734529177162e+00
1.878629267394359204e+00
