-2.469096069047509445e+00
-1.457541127950907622e-01
7.107759612300323937e-02
-5.575949682614389502e-02
-1.027788912278539968e-01
-1.742461903490246655e-01
-1.982772607742238069e-01
-2.059627804287653685e-01
-2.633623995951814845e-01
-2.764134663375428236e-01
-2.238536544860985078e-01
-2.114221133396774199e-01
-1.639238092957456816e-01
-1.601442235807688519e-01
-1.811527491276496704e-01
-2.641792718768871673e-01
-4.461247031817681119e-01
-2.696927406265574589e-01
-2.533361326076359887e-01
-2.311146517290989522e-01
-8.905552884309297923e-02
-1.972206767061921440e-01
-2.498578463523024595e-01
-2.824223997852997048e-01
-2.921316628192993647e-01
-2.894310151938654929e-01
-2.765226875831263698e-01
-2.716693539983365824e-01
-2.471657151264889940e-01
-2.432312766089292921e-01
-2.463022684135478535e-01
-2.409804056629518687e-01
-2.328811175285747659e-01
-2.318080705732579183e-01
-2.252758809423824893e-01
-2.142235423362963687e-01
-1.805236866292840858e-01
-1.967115647482156060e-01
