-2.789766928481410613e+00
-6.455937774029494314e+00
-9.748126860910000246e+00
-1.276234557559121185e+01
-1.553247171174972152e+01
-1.853703927879048408e+01
-2.328166861805682331e+01
-2.815756895240650692e+01
-3.208692429183115280e+01
-3.465741691389053614e+01
-3.783149343071593762e+01
-4.144182079971572819e+01
-4.404735576340339520e+01
-4.692196728547309448e+01
-5.117059813440589977e+01
-5.431520090044178062e+01
-5.826365251431704451e+01
-6.199844075208059735e+01
-6.781855778509807919e+01
-7.129263697039552028e+01
-7.285792136493455473e+01
-7.760257110224382870e+01
-8.449011066488088773e+01
-8.911491984409556721e+01
-9.386733650461850686e+01
-9.947517553759155362e+01
-1.037257752718279420e+02
-1.080502447620319515e+02
-1.119081196237532652e+02
-1.160626491216980867e+02
-1.202526841880779642e+02
-1.286078442584472441e+02
-1.327149345818367863e+02
-1.388813276803572307e+02
-1.470647787140504761e+02
-1.550747414872454044e+02
-1.585946883420132281e+02
-1.661202218877069754e+02
