-3.122505297397477761e+02
-3.055266448927639544e+02
-3.032575835529642063e+02
-3.054289073696019727e+02
-3.070650461221101750e+02
-3.101321732206788511e+02
-3.133057441183630090e+02
-3.159535605359220654e+02
-3.205457979059419245e+02
-3.227733428669474733e+02
-3.222315861603323697e+02
-3.243175659819966086e+02
-3.238030525763226706e+02
-3.247522580228408060e+02
-3.289002276045184772e+02
-3.326912483226528821e+02
-3.410727575419211348e+02
-3.385418275487963342e+02
-3.391357222626483576e+02
-3.390544481926373237e+02
-3.358310163704985598e+02
-3.405524798471304848e+02
-3.459636617062392929e+02
-3.500703332387014939e+02
-3.538886249653253344e+02
-3.579184046604440255e+02
-3.608228029386115736e+02
-3.635941992433626524e+02
-3.655484548092668433e+02
-3.683670157870524804e+02
-3.712844609581451323e+02
-3.769640030815355090e+02
-3.792236131452922905e+02
-3.831514842360380726e+02
-3.880986116353369653e+02
-3.923438602859354205e+02
-3.914189769517633977e+02
-3.958981288375320560e+02
