-3.555984137952492574e-01
-4.238669349060080194e-01
-4.112918173690882639e-01
-4.007619487571398853e-01
-3.871456858205429841e-01
-3.788245075297447806e-01
-3.803623749644561847e-01
-3.800040865904147358e-01
-3.740117533348319978e-01
-3.743408088725383442e-01
-3.750695470372834572e-01
-3.787962065627846209e-01
-3.754703343661551229e-01
-3.753215562852889597e-01
-3.919095674923523953e-01
-3.994964108933891089e-01
-4.279330696562545500e-01
-3.962023929065381367e-01
-3.812454118063460795e-01
-3.757702524966447521e-01
-3.434838905032386869e-01
-3.612303909115774925e-01
-3.725699322460162000e-01
-3.780575847877326034e-01
-3.822518210612205758e-01
-3.826967780610900371e-01
-3.783299583334182037e-01
-3.798049226882421747e-01
-3.698018428381658618e-01
-3.667519617719108282e-01
-3.660066747907595452e-01
-3.604474389961881964e-01
-3.585373633611230737e-01
-3.568480456320396454e-01
-3.545679487367476845e-01
-3.509078101395148863e-01
-3.390373414414240560e-01
-3.451043689554635918e-01
