4.413556419999999925e-01
5.735647180000000844e-01
3.489271350000002769e-01
2.350141249999992965e-01
1.895862390000004893e-01
2.191004259999971282e-01
1.638598156999997002e+00
1.194643939000002320e+00
9.030520620000004328e-01
7.897755039999907467e-01
1.060137952000005157e+00
1.055374847999999588e+00
6.559134430000028715e-01
1.043432432000003018e+00
1.017905694000006633e+00
3.300752309999950285e-01
5.829264140000134375e-01
4.650421770000150445e-01
3.809238139999990835e-01
2.544729249999875265e-01
2.399984950000089157e-01
2.554769489999841880e-01
3.907780709999997271e-01
3.668070010000121783e-01
6.274570890000177315e-01
2.755031259999896065e-01
2.703800560000217956e-01
3.341581660000088050e-01
2.741673099999957230e-01
2.645210609999821827e-01
3.644083890000047177e-01
2.217816589999870303e-01
4.733021490000055564e-01
4.921218209999551618e-01
3.668941430000245418e-01
4.235106500000256347e-01
2.406407880000074329e-01
4.732733339999981581e-01
