4.397382410000000297e-01
2.451372230000004038e-01
1.691042930000001832e-01
3.699489080000013530e-01
3.560557500000030018e-01
5.323586000000020135e-01
7.408785139999949365e-01
1.583522229999999809e+00
3.324445500000052789e-01
6.630660109999979568e-01
7.004643559999976787e-01
7.299964249999959520e-01
6.589790610000108018e-01
8.597455470000170408e-01
9.257225890000029267e-01
2.336163209999995161e-01
5.743169469999998000e-01
2.337810859999933655e-01
2.235874499999965792e-01
2.086072880000244822e-01
4.651953750000075161e-01
4.878678739999884328e-01
4.822239860000081535e-01
2.151913739999997688e-01
3.751221450000059576e-01
3.674983540000198445e-01
4.495252109999796630e-01
3.812876530000153252e-01
2.349852450000184945e-01
1.929578749999905085e-01
1.829110920000402984e-01
1.730106960000057370e-01
3.913566290000289882e-01
2.431828810000524754e-01
4.749338970000280824e-01
5.110161570000286702e-01
3.877730780000092636e-01
2.766248270000346565e-01
1.452679160000229786e-01
3.017066779999595383e-01
1.978083729999866591e-01
