3.760649630000000299e-01
3.176243880000004793e-01
5.084920400000001450e-01
3.447710929999985296e-01
4.438814300000046842e-01
5.989214299999972013e-01
1.777896484000002886e+00
3.365565469999864945e-01
4.944990829999937887e-01
8.786480329999903915e-01
3.425113320000008343e-01
3.433983480000080135e-01
9.080345019999924716e-01
6.675910659999999552e-01
7.293258789999867986e-01
1.039929260999997496e+00
2.523422139999809133e-01
2.846953849999920294e-01
2.468446049999784009e-01
2.478737360000025092e-01
4.671994660000109434e-01
6.177561139999738771e-01
4.500913920000186863e-01
5.133202720000156205e-01
1.744007700000054228e-01
5.599270929999988766e-01
2.298415050000244264e-01
2.799816390000273714e-01
5.156194580000033056e-01
2.415437349999933758e-01
3.455886830000167720e-01
2.778067469999996320e-01
1.944305230000509255e-01
4.287265350000097897e-01
3.075186159999816482e-01
5.036090610000201195e-01
1.889404610000156026e-01
2.438284749999866108e-01
1.690333729999906609e-01
2.759981350000089151e-01
4.805987880000088808e-01
