7.186225470702237716e-01
1.005045973445642914e-02
2.529710061521012361e-03
6.611374307879354980e-04
2.435244770515914889e-04
1.276050200447745515e-04
7.011639770766956293e-05
3.469752767406977312e-05
2.135768217362273111e-05
1.627059720180371741e-05
1.407337944418401387e-05
1.086938931759722235e-05
1.017117500091571045e-05
1.047497425489037358e-05
9.449546510540530959e-06
1.023153899101488818e-05
1.100232193982143620e-05
1.130642248294028778e-05
1.066938923077251858e-05
1.136773316422847702e-05
1.342401480968059051e-05
1.539676158950884066e-05
