5.695752774514066807e+00
1.296103722914938361e+00
9.054926761380880373e-01
6.047560764925382637e-01
4.025906710752456541e-01
2.803792167733339946e-01
1.486451693509938110e-01
7.142555863784882941e-02
3.670648195566392213e-02
2.544135656653523717e-02
2.015054705148747877e-02
1.440593606035630615e-02
1.321234770379391653e-02
1.257951671781707553e-02
1.143175889189419585e-02
1.230815424030780834e-02
1.250147348724910470e-02
1.253305040035317119e-02
1.385136476220769595e-02
1.530592241786242654e-02
1.788664877586395446e-02
1.949734959122240499e-02
