1.198244394536635525e-02
9.003455686872457184e-04
2.712131946868353042e-04
5.565614833223334762e-05
2.928995645052283038e-05
2.187026132098496796e-05
1.550619836093536393e-05
2.084218719602796377e-05
2.357662491220506443e-05
3.219693411897358676e-05
4.649836476376860233e-05
8.484660766828290091e-05
5.650943893854436283e-05
6.175487044500389551e-05
6.552364794087214199e-05
5.719005418011793840e-05
5.119284112412630976e-05
2.887800431933584391e-05
2.367579177508456257e-05
2.290637729911795410e-05
1.977677878601834507e-05
2.160122436646681049e-05
