1.755925518139802299e-01
1.007771343435641676e-01
7.392464841897153360e-02
4.586244026852653172e-02
3.539761675103478278e-02
3.190715618611254800e-02
2.028306337698219941e-02
1.881587459968796922e-02
1.794882945412025477e-02
1.968076751286199771e-02
2.643260324204625006e-02
4.517326658183065669e-02
6.287713010476776720e-02
9.498275903071438930e-02
1.361315626640455523e-01
1.215267364330255562e-01
9.292196586173259720e-02
4.909862247645738892e-02
3.807427595701640827e-02
3.312135774938262944e-02
3.025039330476192445e-02
2.885936288829967292e-02
