9.048312419173080157e-01
2.517552363967362483e-01
7.023702999266101532e-02
2.488494532139856330e-01
1.452357723055315575e-01
2.271375980960138041e-01
2.200998396701576154e-01
1.824332480777227372e-01
2.110339952445272060e-01
1.978973554630458764e-01
2.533808278115321500e-01
2.105526404670860219e-01
1.882737728054246773e-01
2.966424656407513072e-01
3.453935872361137971e-01
2.822822845734514474e-01
2.222847690921953001e-01
2.199637400663507769e-01
1.912202096047325439e-01
1.515811449186736382e-01
1.222188648523832716e-01
1.497166863523405334e-01
