1.751266241543697788e+01
1.898394493137638861e+01
2.125692181268913927e+01
2.374111736255836291e+01
2.526197754999423495e+01
2.755496516047841027e+01
2.986138040081955225e+01
3.185710324933020487e+01
3.397619098736532095e+01
3.548908249298766293e+01
3.780258985028955010e+01
3.968091552909631758e+01
4.274093827650365540e+01
4.442996652985684136e+01
4.711924098787993387e+01
4.859068603100372741e+01
5.113407984538591222e+01
5.356854558269877487e+01
5.568837992458510655e+01
5.719894274840119408e+01
5.958783498956968572e+01
6.173114817340878346e+01
