-7.687688444418851930e+01
-7.953138213989343797e+01
-8.511610738992692404e+01
-9.116367034319355867e+01
-9.487156490424757749e+01
-1.004142005216176017e+02
-1.060989602744197100e+02
-1.108793250046833805e+02
-1.162619394060409235e+02
-1.199448169588091986e+02
-1.256954350679891661e+02
-1.301093445806043576e+02
-1.368002032624298749e+02
-1.404964130765458776e+02
-1.469608233323765489e+02
-1.506802242257051887e+02
-1.568898722005516788e+02
-1.627438606516905111e+02
-1.678729763731201103e+02
-1.715663633102505798e+02
-1.774119868794955153e+02
-1.826318286447806258e+02
