1.948322212809827647e-01
1.894725939913857182e-01
1.932741061354386058e-01
1.968414970390883201e-01
1.951428217166401580e-01
1.953787048251866554e-01
1.931099818857712758e-01
1.927934035219254216e-01
1.901406270417322908e-01
1.902731288101677798e-01
1.892510138055907287e-01
1.906966892261614532e-01
1.965755749455193602e-01
2.006591054976629707e-01
1.995504725453449701e-01
1.948124266282547090e-01
1.914833753275746453e-01
1.915033814587431271e-01
1.911081548583501988e-01
1.904193806418814638e-01
1.897581743254308506e-01
1.897603327440748888e-01
