-5.852959004812490207e-01
-4.620081699513711726e-01
-4.726944038848128748e-01
-4.809500415131697793e-01
-4.762671763862322827e-01
-4.752669243545699640e-01
-4.708344807119977382e-01
-4.683039365766703543e-01
-4.669910746225856002e-01
-4.656262949280994823e-01
-4.651851572793617162e-01
-4.646504108731440708e-01
-4.643614841192401643e-01
-4.629762049368799648e-01
-4.637523063826818337e-01
-4.632572920736190980e-01
-4.628205359248585005e-01
-4.622873641153029123e-01
-4.616844127338133319e-01
-4.611003376670939069e-01
-4.609406563862077366e-01
-4.617220139705595638e-01
