1.198244394536635525e-02
8.984490230069376668e-04
1.242310159600794870e-04
5.424906965898545699e-05
2.987120649248866836e-05
1.785496071181500116e-05
2.336890186917913719e-05
2.025892065974556496e-05
2.387479979593428654e-05
3.448154207531819678e-05
5.144753063217600680e-05
9.358755709969974264e-05
5.682567943122005834e-05
5.021943802795115851e-05
5.768801670930451356e-05
6.917033194671560179e-05
5.516713290237107670e-05
3.126454368734562334e-05
2.884499035593080855e-05
2.764955565892124851e-05
2.594177579507624560e-05
2.208607117346920597e-05
2.170864191319760080e-05
