1.755925518139802299e-01
1.021811144592379705e-01
6.173260585287657087e-02
4.715180764727987250e-02
3.662656496505499459e-02
2.975611403229096522e-02
2.336256753625337926e-02
1.744140912089774467e-02
1.640163844448660688e-02
1.920041062284279579e-02
2.961208023442069362e-02
6.534691991075076978e-02
6.190872076120370465e-02
9.714628864225370586e-02
1.332187515404102962e-01
1.581294772888365840e-01
9.617987833301433476e-02
4.764127744124733305e-02
3.703153003163082990e-02
3.088626922750167467e-02
2.654178861761796390e-02
2.429207383415945068e-02
2.469572540138847278e-02
