7.186225470702237716e-01
8.926872916849383499e-03
1.865580771313084946e-03
5.468911187192282202e-04
2.391010967566425743e-04
1.227377250992897888e-04
6.080970386776534217e-05
3.037787480030967969e-05
2.081610411328286712e-05
1.605765745133138844e-05
1.215753560148820516e-05
1.052966810667643150e-05
9.634121423903137981e-06
8.542138133885676359e-06
9.207686691184544821e-06
1.047240066093303067e-05
1.165697507433968938e-05
1.453961555462050921e-05
1.609804289467488687e-05
1.552737461270731529e-05
1.596397437437221546e-05
1.851749196391491069e-05
1.831320255104630125e-05
