5.695752774514066807e+00
1.350799805549669497e+00
9.487244990990604254e-01
6.249507976610081394e-01
4.259943148871949692e-01
2.834460609252555385e-01
1.267173903557062553e-01
5.636329689962183559e-02
3.516957235249616731e-02
2.503928346190675835e-02
1.801637957006757204e-02
1.457466828128935708e-02
1.247809292553520195e-02
1.133601476697286559e-02
1.240371076039904590e-02
1.533348727482843933e-02
1.394523551750841139e-02
1.479166981475039250e-02
1.483671462653216554e-02
1.594161427052014773e-02
1.743146104147485012e-02
1.957161725329694887e-02
1.844072159271845437e-02
