7.614447502978956006e-01
3.192465513628791607e-01
1.715860811806932396e-01
8.867007985410211429e-03
6.534218170875884246e-02
9.522420652188434698e-02
1.661797750882753610e-01
1.157344937726191153e-01
1.823927946919667864e-01
2.123878995841696760e-01
3.544625337596266079e-01
2.476471715199120016e-01
2.324925558791804681e-01
3.287601658541466909e-01
3.594753449959748326e-01
3.358455824672187395e-01
2.722677018962597617e-01
2.300829088531344546e-01
2.432557378521011116e-01
2.193952411092601196e-01
2.312246163247753672e-01
2.120826656213728179e-01
2.352034380708236116e-01
