1.948322212809827647e-01
1.895657313069393224e-01
1.929257435822213651e-01
1.958350502355933609e-01
1.948533608558940533e-01
1.949223240213562858e-01
1.944540195756577217e-01
1.913212213930639560e-01
1.900240983896273050e-01
1.897360402823733416e-01
1.866872138994866148e-01
1.915126096856800686e-01
1.981783635675853361e-01
2.006386309471477336e-01
2.001871478203653965e-01
1.952720240986067779e-01
1.916412869091141946e-01
1.906883271232828747e-01
1.907357672066318788e-01
1.902310439118872765e-01
1.907346136735579289e-01
1.894857956203315208e-01
1.902428855971689536e-01
