-5.852959004812490207e-01
-4.653913397074358471e-01
-4.700711645612747347e-01
-4.750984744399331383e-01
-4.741071742394763477e-01
-4.740614280572068573e-01
-4.708290147518010560e-01
-4.670803471662938744e-01
-4.664882274665578255e-01
-4.658752073150644879e-01
-4.646501934683566759e-01
-4.660236931266886762e-01
-4.637777449329719692e-01
-4.633536079759006387e-01
-4.634606131769138937e-01
-4.637126913491302904e-01
-4.625102110332708349e-01
-4.617804163317091870e-01
-4.617377010966703388e-01
-4.612293913071030538e-01
-4.611308020702021837e-01
-4.615950485478107490e-01
-4.616452842390456612e-01
