-7.674811934608264608e+01
-8.119535936993044345e+01
-8.706621574825351217e+01
-9.096332162080929606e+01
-9.654784186361212051e+01
-1.002870858765858486e+02
-1.078446786326520623e+02
-1.114984106593127535e+02
-1.172087509532533431e+02
-1.209087118011490389e+02
-1.272915338937030754e+02
-1.331646117302358618e+02
-1.383954092639427529e+02
-1.441990768130207243e+02
-1.479802123924706905e+02
-1.532139558444480656e+02
-1.568889749758754135e+02
-1.627397281447733803e+02
-1.664579282399932083e+02
-1.716242886879987282e+02
-1.753261803699677159e+02
-1.812021416974003216e+02
-1.849513500027466364e+02
