1.746979932675516523e+01
1.963209384367102928e+01
2.205940839829391820e+01
2.368546154312168284e+01
2.596147454488063744e+01
2.749614515179146323e+01
3.063298901664203555e+01
3.206589010498151282e+01
3.435955901467003315e+01
3.585725931393545096e+01
3.835087446583080606e+01
4.092149679637247317e+01
4.347900730896260768e+01
4.597700601121675845e+01
4.755440966263213909e+01
4.967703046660274424e+01
5.115004588331297697e+01
5.354999182632602839e+01
5.509117645215079051e+01
5.721530251391797606e+01
5.875604702063410656e+01
6.113269549598249597e+01
6.270862830373267371e+01
