1.198244394536635525e-02
8.984490230069376668e-04
1.709725153984623547e-04
5.569647222007514611e-05
2.965728706463242813e-05
1.773832394385669610e-05
1.772293796621457636e-05
2.015533850512092262e-05
2.288513242411650467e-05
3.456975287194317416e-05
5.155100364545249210e-05
6.731152012981194853e-05
4.611697544880322336e-05
5.951451479031744980e-05
6.605105724123582118e-05
5.695641393794991772e-05
4.569200252768130008e-05
3.573059226909267510e-05
2.784666071953334281e-05
2.592618628574957436e-05
2.525938076395922811e-05
1.951885479760131191e-05
