1.755925518139802299e-01
1.021811144592379705e-01
6.663439780862709383e-02
4.692283250562635788e-02
3.495650890906444597e-02
2.820704201900561467e-02
1.890692084576588508e-02
1.731320754034631343e-02
1.792819832762932233e-02
1.914673465478065190e-02
2.825809384542060307e-02
4.964575404430357497e-02
4.995204396026103194e-02
9.427613121956317233e-02
1.321428133607452371e-01
1.113779405237063785e-01
7.570204403980294872e-02
5.662511931704766049e-02
4.447126591939511847e-02
3.517427642910139068e-02
2.823797556751162646e-02
2.294009921795491999e-02
