5.695752774514066807e+00
1.350799805549669497e+00
9.797451955273454027e-01
6.943327439209266982e-01
4.137064401766856192e-01
2.816940697078038625e-01
1.341353511825402467e-01
6.975645626552148815e-02
3.958313040963393897e-02
2.555449081874608050e-02
1.730580271074586007e-02
1.448801298332032944e-02
1.492324252726177913e-02
1.287883556577005574e-02
1.242274098911172811e-02
1.260371095053268442e-02
1.181550210632417719e-02
1.283406809783735163e-02
1.599512480224658806e-02
1.644828296750136531e-02
1.676546930497135879e-02
1.765997032113567067e-02
