7.186225470702237716e-01
8.926872916849383499e-03
2.155747883110728600e-03
7.415471660912548515e-04
2.334657576409992564e-04
1.202638209802894852e-04
6.330159049798885363e-05
3.545530391945427175e-05
2.268402643662868878e-05
1.796756108657598686e-05
1.228826993794524160e-05
1.027864664899190349e-05
1.120561880140833492e-05
9.940683539366550192e-06
1.012178084817455845e-05
1.106926352860671095e-05
1.084313209912661625e-05
1.133468827438556824e-05
1.405226659160377160e-05
1.560133581954165771e-05
1.627634254120955719e-05
1.577550503580855704e-05
