6.952435003304103800e-01
3.595381446331055719e-01
3.374869008861801634e-01
1.192243261150595646e-01
4.620645493782158525e-02
9.136455786616855257e-02
7.555108163289717127e-02
1.030733588065221723e-01
1.963806698211526536e-01
2.183655499331293159e-01
3.843942395203701068e-01
1.726297269211472529e-01
9.855775752781348320e-02
2.594697405145974245e-01
2.256722401094938824e-01
1.667041072873706731e-01
1.601637472007846619e-01
1.546407224688010063e-01
1.333077154777220497e-01
1.282665236161297517e-01
1.247218156933536937e-01
1.002419275868593751e-01
