-7.667203087902008463e+01
-8.113951240916553331e+01
-8.487897425391092554e+01
-9.206091655470810053e+01
-9.567814215935433708e+01
-1.013480450275262541e+02
-1.060013444852837665e+02
-1.113685065776223837e+02
-1.150855932183362142e+02
-1.208117808830186277e+02
-1.271935535755523006e+02
-1.308719217343079038e+02
-1.365785865228043860e+02
-1.418963900673203682e+02
-1.456477781090050883e+02
-1.520881311377905547e+02
-1.557438829249314836e+02
-1.614955893774368860e+02
-1.652131833569986554e+02
-1.705534647070651886e+02
-1.762622321937753895e+02
-1.816698162422039502e+02
