1.948322212809827647e-01
1.895657313069393224e-01
1.912132363340033336e-01
1.963407897050736262e-01
1.949395327751684004e-01
1.949800087524145853e-01
1.943416824641318597e-01
1.921870889118739711e-01
1.901379523913817593e-01
1.899020817155516461e-01
1.866996381557965989e-01
1.922957253888954998e-01
1.976837647399332099e-01
2.011919327006730374e-01
1.999929860219298305e-01
1.942543454477694276e-01
1.919241960500150945e-01
1.913411128446980136e-01
1.906934574975260865e-01
1.901496825486201914e-01
1.906629924445137902e-01
1.906760971386094461e-01
