1.744447113798863569e+01
1.960934595591419338e+01
2.115698591133317308e+01
2.409903974747368949e+01
2.559225001604342964e+01
2.792572703506989029e+01
2.985866205788290983e+01
3.204058847547175048e+01
3.350018401829024128e+01
3.583122616095469226e+01
3.831805007497114701e+01
4.008671840906693973e+01
4.268385046507135883e+01
4.506098657360582393e+01
4.657516340938281019e+01
4.917752486372292253e+01
5.068158762437701625e+01
5.305900227805628333e+01
5.456898563395620272e+01
5.676472727601930046e+01
5.913558815230082644e+01
6.136268884534443657e+01
