-5.852959004812490207e-01
-4.653913397074358471e-01
-4.664089141829483864e-01
-4.798940726637224152e-01
-4.749269426229623114e-01
-4.743155961286427136e-01
-4.707787352338772546e-01
-4.674107031790860622e-01
-4.664457742953582731e-01
-4.656758155693889734e-01
-4.645024183729922207e-01
-4.639126997007988473e-01
-4.638213043766545862e-01
-4.628428415390695161e-01
-4.638160162010704912e-01
-4.641982325469189430e-01
-4.624467284308902970e-01
-4.620095361251048693e-01
-4.622131637806887738e-01
-4.616451769885283607e-01
-4.616913145029254428e-01
-4.621692807996176100e-01
