1.198244394536635525e-02
9.003455686872457184e-04
2.712131946868353042e-04
7.464372532620859677e-05
3.042936834050133881e-05
1.746289265790444575e-05
1.479073845917992798e-05
1.705318117244251748e-05
2.126417631000841388e-05
3.310692443959212093e-05
5.481373600955215844e-05
8.602276623132369443e-05
4.889327294865866431e-05
6.410217661504423513e-05
7.275072829496543876e-05
5.835925564867618689e-05
4.409355674992364928e-05
2.788728363977106622e-05
2.344998273524952966e-05
1.855468815864510116e-05
1.776486980075712006e-05
1.874905004996347811e-05
