5.695752774514066807e+00
1.296103722914938361e+00
9.054926761380880373e-01
6.336885834488263924e-01
3.954213369423750235e-01
2.620651729020891940e-01
1.531590458725711479e-01
7.837634478324401188e-02
4.209316614565785514e-02
2.675108400231702641e-02
1.780990172624260723e-02
1.454471195305512797e-02
1.529602516963023129e-02
1.292312001569617848e-02
1.145096459405780913e-02
1.204146706905050504e-02
1.130800134603070738e-02
1.308607200249225187e-02
1.368679614492820246e-02
1.486977578040968133e-02
1.712427093496019653e-02
2.058752996074503239e-02
