1.755925518139802299e-01
1.007771343435641676e-01
7.392464841897153360e-02
5.015269996703257405e-02
3.472551558387389908e-02
2.818086615669960354e-02
1.989283654750231140e-02
1.706060753204098265e-02
1.847214091310396544e-02
2.000458913676052969e-02
2.677619643392390933e-02
4.062452422721656020e-02
5.052357132521094474e-02
9.746543912975308421e-02
1.400659123689654562e-01
1.217824368157310322e-01
7.939706288112201304e-02
5.356234567057111678e-02
4.433186926983907067e-02
2.999811255132605464e-02
2.798610712426323824e-02
2.522173074862066669e-02
