7.186225470702237716e-01
1.005045973445642914e-02
2.529710061521012361e-03
7.733181687520994775e-04
2.405529384827895245e-04
1.143628482575004284e-04
7.126389110677305925e-05
3.908272946414687249e-05
2.287067671377655045e-05
1.706984432967484957e-05
1.254334555980208814e-05
1.050011089896646544e-05
1.124082344599643541e-05
1.115679154624326881e-05
9.922776622381056618e-06
1.051338917292425959e-05
1.001923577574700979e-05
1.125080141974129707e-05
9.982840844868723647e-06
1.169459859647491889e-05
1.208530953013630432e-05
1.427667220222624822e-05
