7.043126793530284369e-01
4.705407409950255748e-01
2.597278991949941163e-01
1.381132368961143775e-01
6.107800597198017462e-02
7.666869624431968400e-02
1.035616253031706319e-01
1.189845601150704424e-01
2.210139361827637150e-01
2.872867206911630111e-01
3.466247580001209916e-01
2.316314471624766613e-01
1.140582085016836472e-01
2.228509827178623004e-01
2.371230591664116316e-01
1.851575480701896370e-01
1.977036178955124957e-01
2.021736531864281039e-01
2.044687338455419834e-01
1.897757791331781130e-01
1.815296713616391111e-01
1.694875401258079395e-01
