-5.852959004812490207e-01
-4.620081699513711726e-01
-4.726944038848128748e-01
-4.779917814501768447e-01
-4.768002988215238602e-01
-4.760222621215179917e-01
-4.721368217646388921e-01
-4.691886357778820571e-01
-4.674230978362077238e-01
-4.654393191209862390e-01
-4.652362511130597733e-01
-4.646914455169114389e-01
-4.638396285496814153e-01
-4.629065651679830085e-01
-4.632418802948765624e-01
-4.626537790550392382e-01
-4.623760216349621643e-01
-4.618769806898186392e-01
-4.615613733796060103e-01
-4.612050174643065326e-01
-4.617948968286872402e-01
-4.616864198335555169e-01
