-7.667203087902008463e+01
-7.936043911701140985e+01
-8.491284879625649751e+01
-8.885195300434563137e+01
-9.565504121206524246e+01
-1.013350085248883374e+02
-1.050151356754882528e+02
-1.106110786986120473e+02
-1.161143895503197854e+02
-1.197861457872923268e+02
-1.254630951784467072e+02
-1.308442698047721819e+02
-1.345428618929494462e+02
-1.402309422392037845e+02
-1.456157604124842919e+02
-1.513355448631434399e+02
-1.565942990544853615e+02
-1.624049743766639153e+02
-1.687910802124272323e+02
-1.725041574076204540e+02
-1.778551121296590338e+02
-1.815708616096434014e+02
