1.744447113798863569e+01
1.891384007159956582e+01
2.117381394705091679e+01
2.278044795220957397e+01
2.556066850707024685e+01
2.790173681744989764e+01
2.940014058489315829e+01
3.170380879777842154e+01
3.389399224002421107e+01
3.539320045049931451e+01
3.766103612864870342e+01
4.001198615410919501e+01
4.183544638039808916e+01
4.433155868875799399e+01
4.657612606087100460e+01
4.886035204467884796e+01
5.102286816116243529e+01
5.340797544509983652e+01
5.603197702748867215e+01
5.754336225935745830e+01
5.978075037046771456e+01
6.130781914188351323e+01
