1.948322212809827647e-01
1.894725939913857182e-01
1.932741061354386058e-01
1.951300559006300395e-01
1.947157848672944613e-01
1.950216033231974011e-01
1.933945982147540210e-01
1.925285081992379466e-01
1.902332214853004189e-01
1.898341327439289627e-01
1.881097030642884249e-01
1.917334344409962199e-01
1.980203823762238802e-01
2.005288304144188238e-01
1.989651453274539072e-01
1.928565035032510089e-01
1.911761221371595099e-01
1.904096592893544937e-01
1.898306480777756100e-01
1.895370678130516851e-01
1.905335175072141451e-01
1.902957917647039032e-01
