6.635197130000000110e-01
4.058811369999997254e-01
3.794379970000001379e-01
6.681722979999946688e-01
3.618939400000016349e-01
3.571632250000007502e-01
3.837668740000026446e-01
8.028705239999993637e-01
3.060289640000064537e-01
8.208929370000106474e-01
4.472872150000029023e-01
3.126423140000014200e-01
3.535837929999843254e-01
2.836848270000018601e-01
2.522288130000163164e-01
3.449401789999910761e-01
9.980837760000156322e-01
1.173895751999992854e+00
3.459329910000121799e-01
8.012581600000032722e-01
3.391163070000118296e-01
4.203909810000254765e-01
6.511523519999968812e-01
