8.555386440000000148e-01
5.682701300000001510e-01
8.350408730000005164e-01
2.736891230000004782e-01
6.081160430000025485e-01
3.954304219999968950e-01
2.591824009999967870e-01
4.542383430000000999e-01
5.412549539999957915e-01
4.281302799999906483e-01
4.798312280000089913e-01
6.624992579999968711e-01
2.592761860000081242e-01
7.724707700000124078e-01
5.098980239999946207e-01
2.905629610000062257e-01
7.869983779999927265e-01
1.085878437000019403e+00
3.346727530000066508e-01
2.361091729999884592e-01
2.387186699999972461e-01
5.998688610000044719e-01
