9.967190949999999994e-01
4.483627810000001546e-01
7.796422030000016434e-01
6.799739699999989284e-01
2.740073530000017854e-01
3.739926229999994689e-01
7.674434400000080814e-01
4.541769010000109574e-01
6.406578929999966476e-01
2.816865479999961508e-01
3.704837870000119437e-01
3.249040970000010020e-01
4.399521779999986393e-01
7.204249000000118031e-01
3.329095400000028349e-01
2.694463659999826177e-01
6.369929530000035811e-01
8.487646940000104223e-01
3.360855299999911949e-01
6.169417970000097284e-01
3.528916310000056455e-01
4.648735639999870273e-01
