9.703399759999999930e-01
6.438995869999999400e-01
9.715072139999989531e-01
2.469796649999977944e-01
6.638098120000037738e-01
5.884387260000067954e-01
4.129714559999939638e-01
8.576768930000042701e-01
1.141790660000054913e-01
6.810499719999967283e-01
4.740750180000077307e-01
4.781963320000102158e-01
5.374989230000153384e-01
2.386115079999910904e-01
4.447641479999902003e-01
2.302744149999966794e-01
2.808043139999938376e-01
2.739006870000082472e-01
2.405485550000037165e-01
3.162659929999733777e-01
2.379555910000021868e-01
8.417287999999985004e-01
