5.747116726412072829e+00
1.333246013101964333e+00
9.648462760767162472e-01
6.665717940718970391e-01
4.719802090652935322e-01
3.811078491412017710e-01
2.220749946011498499e-01
1.342807806018143368e-01
7.118059908250673473e-02
4.440494350097609622e-02
2.990149280958014077e-02
2.279985822276610341e-02
1.856303729762335403e-02
1.595008913227902517e-02
1.335537202659315553e-02
1.406556152545473427e-02
1.811006426294528571e-02
2.462358876845765002e-02
2.154261607795356775e-02
2.519378733474472026e-02
3.578323740381728763e-02
