6.850103532531616191e-01
1.068384646781184166e-02
3.105980676208362247e-03
8.317173718551393920e-04
3.011287405519900181e-04
1.847944532697058738e-04
9.328659350824207897e-05
5.980989376510259336e-05
3.270966799180361661e-05
1.945273450890248093e-05
1.511917213444705038e-05
1.319828096623853899e-05
1.074040544427876401e-05
9.344121640490713897e-06
1.100223485940973421e-05
1.122253772234658805e-05
1.408690260446852472e-05
1.918026458301326024e-05
2.060723141400424581e-05
2.829787606198183573e-05
3.106485326650558737e-05
