1.639994428142592386e-01
9.616525917477240781e-02
7.119057077244619891e-02
4.623854320808108709e-02
3.740489182494425441e-02
3.454224389652225946e-02
2.334290798523820654e-02
1.972305026572936451e-02
1.952972589380827170e-02
1.644971743256421620e-02
1.570197661728455624e-02
1.809904875986840730e-02
2.570962265838524705e-02
6.436811764336967945e-02
4.012212324228343896e-02
4.139633812551297976e-02
4.280177890691289067e-02
4.913781165063907386e-02
4.901020790809960254e-02
3.904246812872144007e-02
4.776834468088912711e-02
