1.007533115913840892e-02
8.833484313555342452e-04
2.763611090644281488e-04
6.018316653266399778e-05
3.276317476393541070e-05
2.105979317429551324e-05
1.415634071661050851e-05
1.425605514482798624e-05
1.823429711477973488e-05
1.740986450489983523e-05
1.873912378770086881e-05
2.015590861893934104e-05
2.130511852759566695e-05
3.141122856331447582e-05
2.378856983347516486e-05
2.557547801867413135e-05
2.448749493272390528e-05
3.273386470994152868e-05
3.929414704114603723e-05
3.529859408305189699e-05
4.453505608903882222e-05
