1.229892645451364563e+00
7.479535322418945364e-02
3.177034082029329132e-01
1.489191718700798583e-01
5.747468258294424065e-02
7.423858764379617781e-02
1.331366652278776763e-01
1.537726981425641126e-01
2.346118906102001300e-01
2.357947095585213038e-01
2.193947666815096176e-01
1.545478137623513826e-01
1.927708757310462040e-01
1.519948420821196911e-01
1.593191669056178428e-01
1.902137220938952544e-01
1.796402470951758423e-01
1.719209671065659861e-01
1.987353766002503686e-01
1.630402148237622140e-01
1.010730313808586717e-01
