-6.471733192958737391e-01
-4.777199075661915373e-01
-4.778555622696734062e-01
-4.679009189879788089e-01
-4.630691545539207254e-01
-4.641893034498303372e-01
-4.654067646514161716e-01
-4.661942945891064394e-01
-4.672706442575695895e-01
-4.657923172039563076e-01
-4.649437824113287210e-01
-4.634141845098683210e-01
-4.625802662693585532e-01
-4.618203218638827767e-01
-4.620773026014133311e-01
-4.626857244784980949e-01
-4.625902277291538134e-01
-4.623371844049262158e-01
-4.627068039387418619e-01
-4.617727656350902876e-01
-4.611200091056550932e-01
