1.988730734304553494e-01
1.968056804137872096e-01
1.953425658644754037e-01
1.914650877272520701e-01
1.913793207078016145e-01
1.915347560678329064e-01
1.916444810347779359e-01
1.920429872994048326e-01
1.927989259763073226e-01
1.913075584360892645e-01
1.912679291383495572e-01
1.921070103952491337e-01
1.945561411817283703e-01
1.920856119608926882e-01
1.915291159952186018e-01
1.909593175976009860e-01
1.906695801313649241e-01
1.902186495197213389e-01
1.909655043729951984e-01
1.919038352304944794e-01
1.918102151054874582e-01
