-7.731285049901273965e+01
-7.988229132767040142e+01
-8.656929650380021712e+01
-9.016896782735811655e+01
-9.568960449808120927e+01
-1.012320754978490811e+02
-1.069127842169593663e+02
-1.106982213090597753e+02
-1.189218797251337492e+02
-1.247247950696141174e+02
-1.284213290704157657e+02
-1.336942528292170209e+02
-1.410776270366503411e+02
-1.467787790507525472e+02
-1.521662759334244583e+02
-1.579355712690503992e+02
-1.616482700361817422e+02
-1.669609029692760487e+02
-1.727123934343186988e+02
-1.763823427151264980e+02
-1.816975519066716060e+02
