1.756404523228391668e+01
1.911056189467190691e+01
2.182812800342875548e+01
2.330393938629023154e+01
2.562774753890487389e+01
2.790602216130687907e+01
3.023435596360825173e+01
3.179250582243964018e+01
3.519097443923010360e+01
3.754485465825624146e+01
3.907621000014778900e+01
4.131335320722919846e+01
4.450548498479601989e+01
4.677802739878372762e+01
4.898846637153246064e+01
5.135138130907251508e+01
5.289218379459635599e+01
5.507109255910794587e+01
5.746021147812322738e+01
5.903379636866888802e+01
6.125277040817192642e+01
