1.639994428142592386e-01
1.031718228831545459e-01
6.711155725857477494e-02
4.816339377844901931e-02
3.531696340261357425e-02
3.381847913235477843e-02
2.946958192327157541e-02
2.120490152054365501e-02
1.493398887502672863e-02
1.656927751486456102e-02
1.652532813606424900e-02
1.895400299780124198e-02
2.436278089957114382e-02
2.960335625322453590e-02
3.254942197543581051e-02
4.848649489164702509e-02
3.554950264476455790e-02
3.350130823958286097e-02
4.156806795846493263e-02
4.879871249132933242e-02
5.547696128644914043e-02
5.132296258832395180e-02
