1.007533115913840892e-02
1.308397058015982632e-03
2.103953089957938979e-04
6.044680423324425375e-05
2.100475116963326750e-05
1.662502313916030378e-05
1.650153454426734335e-05
1.431668005633617313e-05
1.489240912765644682e-05
1.958465215236268844e-05
2.122793200232205073e-05
2.400261344576045847e-05
2.249424567236544496e-05
2.334022081491480836e-05
2.416026968089038396e-05
3.752098464785446258e-05
3.013923626628615509e-05
2.970201948486752725e-05
3.500195012741574884e-05
4.223723732965644506e-05
4.195220876793752206e-05
5.145419683291715181e-05
