5.747116726412072829e+00
1.357908620025868762e+00
9.494946448016685636e-01
6.153178344026221103e-01
4.638712586556003603e-01
3.349467089507883744e-01
2.591733914684018480e-01
1.441182216221378876e-01
7.668974429426192452e-02
4.687324315344026243e-02
3.163633382386047549e-02
2.191304967095671422e-02
1.732764582576596518e-02
1.504057535490677631e-02
1.662575754552519935e-02
2.345942180361648352e-02
1.691296700873558267e-02
2.247798074923387096e-02
2.486394723949636454e-02
2.835347174447439347e-02
4.725300321924151559e-02
3.279328255924667673e-02
