6.850103532531616191e-01
1.297408834741077197e-02
2.814414646542973131e-03
5.991361664548658459e-04
2.722940465088237753e-04
1.194601987232708692e-04
9.911017716489154024e-05
6.662959055015885222e-05
4.416053856613124398e-05
2.911156464676577195e-05
2.481770762370006999e-05
1.743652106359616435e-05
1.553612144326556110e-05
1.204457556451825344e-05
1.345333247495630133e-05
1.826267782373973525e-05
1.777734422333850575e-05
2.004850414586506764e-05
2.492185183598193403e-05
2.764182984636021287e-05
4.046418561435516191e-05
3.147051752609608986e-05
