1.255202681378011942e+00
2.384351556592512744e-01
9.473722539148114741e-02
6.500499126563170915e-02
5.297346247309265427e-02
4.389637928581956172e-02
5.301475969853963049e-02
6.389747226915874767e-02
6.756926152911676975e-02
1.065517747846724816e-01
1.272883226668876377e-01
8.397562094355140450e-02
7.327593913105844015e-02
5.723111201097544343e-02
2.750900729657466612e-02
2.300355266769506246e-02
4.294868865918022305e-02
5.880412678676048138e-02
1.051578302741452836e-01
8.811062494209288831e-02
3.613825302461592948e-02
3.191769780353895941e-02
