-6.471733192958737391e-01
-4.849773165916682061e-01
-4.720873679570201098e-01
-4.656398080088901548e-01
-4.662767312295832411e-01
-4.663159807105008436e-01
-4.655812691388179214e-01
-4.664438656430846541e-01
-4.663383376041818629e-01
-4.666643312804004129e-01
-4.652161595614196510e-01
-4.638451538281478381e-01
-4.628909758267674146e-01
-4.621482241944860903e-01
-4.620924663516792208e-01
-4.618435097352622254e-01
-4.629030326912988436e-01
-4.626211341148918077e-01
-4.621177136105150129e-01
-4.621024132132949269e-01
-4.610971305727689096e-01
-4.608510991076500973e-01
