-7.731932223220569256e+01
-8.099113865093987386e+01
-8.637341924592456621e+01
-9.269038896175035802e+01
-9.844196323066407217e+01
-1.022055820472573657e+02
-1.075988240349887946e+02
-1.113755317501687898e+02
-1.171271211551338070e+02
-1.209034679656182334e+02
-1.272426058793013510e+02
-1.327835476222826401e+02
-1.372972227608802029e+02
-1.429856987895369684e+02
-1.466893004958597544e+02
-1.540634868555245021e+02
-1.578166785019242866e+02
-1.631110196158941221e+02
-1.668101288023697748e+02
-1.725141088733960260e+02
-1.762047345336779358e+02
-1.815468776562693165e+02
