1.756603396301822073e+01
1.955707043298875192e+01
2.173915914009457850e+01
2.434095493104186403e+01
2.672625397188174290e+01
2.829293275866654511e+01
3.051873316845065887e+01
3.207075202805501135e+01
3.445912227139178441e+01
3.599069399753033593e+01
3.857613564212427093e+01
4.092652843550521879e+01
4.279719159144795526e+01
4.517801872401962271e+01
4.673691883791340018e+01
4.980768361090395047e+01
5.133150300616630801e+01
5.350787151056167801e+01
5.499103965015314088e+01
5.737114643333119091e+01
5.896367331031949988e+01
6.120594052481489200e+01
