1.988730734304553494e-01
1.990937322484473970e-01
1.925963111368955150e-01
1.906847400006584647e-01
1.916374021360051083e-01
1.920540891047611831e-01
1.918833283792888422e-01
1.924574787281314037e-01
1.927086348401743643e-01
1.918570787800371047e-01
1.909467945814097289e-01
1.920548929451826314e-01
1.917093086307188887e-01
1.915421680902595902e-01
1.924559239575995839e-01
1.929695116439065217e-01
1.918519011844725952e-01
1.914624323385587523e-01
1.901649071187634377e-01
1.911922909415022520e-01
1.924447659937154054e-01
1.930019605504982305e-01
