9.066293319586687716e+00
1.774489500962079580e+00
1.050062822334044688e+00
6.396630659537002606e-01
5.040869204747066012e-01
4.194450924347630227e-01
2.532106884926511037e-01
1.359002106092241369e-01
7.950323425813810019e-02
4.954852024880269240e-02
3.088994106565181794e-02
2.319919764193972139e-02
2.219895854090831247e-02
1.810988906602442258e-02
1.499985919775479772e-02
1.392223073171902289e-02
1.605103809457619074e-02
2.268710664505156280e-02
2.389609791600779548e-02
2.138150293874309382e-02
3.170785190058379027e-02
3.619907098440958149e-02
