1.315035163837202203e+00
1.876186890549338959e-01
9.374746343913746560e-02
5.711190228658145907e-02
4.531535217033258456e-02
3.306524635585042504e-02
2.379543454327979687e-02
2.217876128100131766e-02
1.706462863834057667e-02
1.518136342173755093e-02
1.718257958156683279e-02
2.124618497613500051e-02
1.999975559619824456e-02
2.575937097248394772e-02
3.782397843604246718e-02
4.129108063020239805e-02
3.758677052421553061e-02
3.582352173939674922e-02
4.184668915504165254e-02
3.920232428423382764e-02
4.410101903426103670e-02
4.774597260076699629e-02
