5.300222089970335615e-02
1.958935748528769973e-03
3.229486351149523683e-04
8.011341990990094187e-05
3.964071267396195193e-05
2.108684580640551935e-05
1.522463886901071514e-05
1.747008718014204945e-05
1.822111429430393436e-05
1.692990080887337299e-05
2.227999974069101418e-05
2.931664000851138269e-05
2.404655530231671593e-05
2.590015350725395553e-05
2.787477981890893472e-05
2.931548598382640645e-05
2.736278860559477304e-05
2.642829466634735445e-05
3.668773104198165243e-05
3.606579687529478284e-05
4.197072996268517975e-05
4.029357803880660076e-05
