3.461472807886779579e-01
1.753432804761569097e-02
3.577713282352763292e-03
7.009336589110497923e-04
3.435372410574063910e-04
2.154514890308634873e-04
1.263122672403111854e-04
6.778951805255855831e-05
4.819780952117443850e-05
3.446963420282367818e-05
2.269765853189233649e-05
1.825741530250894369e-05
2.006445994423741686e-05
1.607420576862028132e-05
1.472404847643867165e-05
1.185067568566938101e-05
1.477700141701436620e-05
2.011762202869814590e-05
2.256440344876469808e-05
2.532444412689673126e-05
3.195808608911160982e-05
3.227932575000692521e-05
