8.275830493870613980e-01
2.318446689661961824e-01
5.713797781857721941e-02
1.191632216486569612e-01
1.378193141060177762e-01
1.129915227702899955e-01
8.190358793041295493e-02
6.173441417000535142e-02
7.428537955488025146e-02
9.214755625898674030e-02
1.191922282535376049e-01
1.080513478750589618e-01
1.237205989888002650e-01
9.870724670992926664e-02
9.229415560466372459e-02
1.110691915859983031e-01
8.162825630466044591e-02
1.011679708563319874e-01
1.247648348517637895e-01
8.658649098427115276e-02
7.095297856414133075e-02
4.596824549833816720e-02
