-7.629878619026716535e+01
-8.096726381056400612e+01
-8.635503464033558885e+01
-9.177433971731946372e+01
-9.550674275869636176e+01
-1.010756765704556841e+02
-1.049469895971515285e+02
-1.104593540546010217e+02
-1.141496266999131279e+02
-1.197627989269910813e+02
-1.235026987736663244e+02
-1.289869697629644634e+02
-1.334656534634338243e+02
-1.401088529796826094e+02
-1.455989908966808741e+02
-1.493361717414685756e+02
-1.548860727519911507e+02
-1.604302868778909215e+02
-1.641534332743827349e+02
-1.696846886388659641e+02
-1.733773169950337092e+02
-1.807318996347400173e+02
