1.758293471451066736e+01
1.954528295757188872e+01
2.173154720543062979e+01
2.396408644817319100e+01
2.554098465563682652e+01
2.784339429666345467e+01
2.941659843373360417e+01
3.170568472707736163e+01
3.323626434655157169e+01
3.552324682940471234e+01
3.706640472737503700e+01
3.933604050366923843e+01
4.118922316360206537e+01
4.399192333999366866e+01
4.625545368915578592e+01
4.780645065971727092e+01
5.011277724316730087e+01
5.238569844212599946e+01
5.389193098731072240e+01
5.621214416062342423e+01
5.777069321056045226e+01
6.088267534583228269e+01
