-3.628033939421584364e-01
-4.967654029789199122e-01
-4.729132307016503667e-01
-4.650888869502627365e-01
-4.633913691666733392e-01
-4.635361807458718841e-01
-4.664908041091351265e-01
-4.673269742685961514e-01
-4.669505469914976836e-01
-4.667933527126030269e-01
-4.651878517035225036e-01
-4.646754783360595997e-01
-4.633574697016307753e-01
-4.622371329535395201e-01
-4.619361267505179836e-01
-4.617470345703997836e-01
-4.627727068543660005e-01
-4.625550533309970014e-01
-4.625315139110015572e-01
-4.624985089526401083e-01
-4.618701639777746948e-01
-4.609883685660731700e-01
