1.420244584858387782e-01
2.035543127277272824e-01
1.929151915159786901e-01
1.904425674556555759e-01
1.911966363158141002e-01
1.916204609780511048e-01
1.917954373604550122e-01
1.930421534745911938e-01
1.930494942238047962e-01
1.918931481978664588e-01
1.915004785611433835e-01
1.916581934912753304e-01
1.913500296038983528e-01
1.920555447804881410e-01
1.916828976418121222e-01
1.916606770881297273e-01
1.920878647041308618e-01
1.912856793308694847e-01
1.902749904124636515e-01
1.910389067038229527e-01
1.919580502157653967e-01
1.931009422648874985e-01
