1.639994428142592386e-01
9.694361448776553369e-02
5.931386128874967939e-02
4.814469138775637896e-02
3.232071168420169727e-02
2.986112150490643005e-02
1.970960545180774556e-02
1.763988023743571359e-02
1.744834927436887326e-02
1.527140277061973285e-02
1.791028998033785541e-02
2.588598071459279407e-02
3.471172241745121290e-02
3.837164313961518441e-02
3.880254207323718257e-02
3.829434116530223975e-02
3.770377590293878117e-02
3.748249755771888153e-02
3.531591528881625891e-02
3.585357996560453731e-02
5.447085652708373582e-02
