5.747116726412072829e+00
1.395694182295667440e+00
1.004865811227029893e+00
7.634812273482776135e-01
4.685660761789173234e-01
4.049036127305706279e-01
2.394614932823240505e-01
1.369501924612123167e-01
7.605939689654016289e-02
3.991244622262708069e-02
3.068321552295643143e-02
1.914240527860058827e-02
1.916531089308416008e-02
1.525586840780505937e-02
1.536326761184751526e-02
1.744192639823926791e-02
1.514192253526327678e-02
1.957282022428397106e-02
2.050689444274876594e-02
2.513702799511357763e-02
5.041544682978808117e-02
