6.850103532531616191e-01
1.013021332357986852e-02
2.760368732070355314e-03
8.411121891166898441e-04
2.038396933012995467e-04
1.541771366638087940e-04
8.762354429779220597e-05
5.011338848495964815e-05
3.061337964556125801e-05
2.170690369994628449e-05
1.769166361814820314e-05
1.446291976977131675e-05
1.460204848465648720e-05
1.605310159515082401e-05
1.646300283781706978e-05
1.851865062662122463e-05
1.468547246416336587e-05
1.704914592937714228e-05
1.848911906049645261e-05
1.679748459645017528e-05
3.039822710262715593e-05
