1.007533115913840892e-02
8.798206162096682686e-04
1.317629491577966604e-04
6.038826189659308807e-05
2.200587016545317169e-05
1.396918679459220750e-05
1.039529548874483584e-05
1.097934078065476597e-05
1.329783024135084601e-05
1.825805817827002252e-05
2.139309783848581086e-05
2.447089513879227368e-05
2.857615347603127700e-05
3.415660486910058330e-05
3.362947175032957530e-05
3.086258722592704755e-05
3.041102451652550207e-05
3.075098909061946826e-05
2.681934064569971272e-05
2.671280515306347138e-05
3.506194194893456429e-05
