1.138595404160060998e+00
8.633767712102288772e-02
9.842753690946751122e-02
7.170793820879954594e-02
8.955003801237543248e-02
5.145884823808130615e-02
6.606497532711931575e-02
1.054412619296760389e-01
1.050186269080730511e-01
1.321653128322710646e-01
8.398820093144380994e-02
9.889892702970365379e-02
9.131276526961940032e-02
1.919136527188865932e-02
8.011579531924765962e-02
4.300621768793118360e-02
7.564601687302854871e-02
7.795288894370314137e-02
9.296710852021236593e-02
4.811943171462976926e-02
7.145092593766341760e-02
