-6.471733192958737391e-01
-4.790184976933065109e-01
-4.728843053255165074e-01
-4.688383524963061211e-01
-4.649751969131145080e-01
-4.659588172672806117e-01
-4.663890171342821578e-01
-4.676706539200936597e-01
-4.665724921693897853e-01
-4.659958660469023517e-01
-4.638898185350421866e-01
-4.631630436692441011e-01
-4.618979615798973759e-01
-4.620633750778730953e-01
-4.624176576249336978e-01
-4.626075902091043579e-01
-4.624970528414915627e-01
-4.622677892995095128e-01
-4.624553159010638126e-01
-4.622129004961568199e-01
-4.612623511343123539e-01
