1.988730734304553494e-01
1.966935198959847697e-01
1.933493931805408406e-01
1.913622195688630401e-01
1.915460094358154008e-01
1.918793082061601707e-01
1.915420212452463855e-01
1.924354986913482946e-01
1.924967971402739009e-01
1.913958545157639080e-01
1.917914424568551990e-01
1.912355397642744315e-01
1.919033167531334350e-01
1.929849185233343256e-01
1.913659230114078680e-01
1.921282967352846427e-01
1.907633284574070665e-01
1.907541500586154015e-01
1.908874517214824706e-01
1.922525685413436491e-01
1.910074251317062100e-01
