1.754614665567517662e+01
1.983490132578419463e+01
2.217836139109967775e+01
2.435337500854917181e+01
2.673736516101568839e+01
2.940708181234516161e+01
3.095119146324353920e+01
3.359446977957757952e+01
3.600344556274159658e+01
3.751286524243802489e+01
3.969891112225737828e+01
4.122452826547366556e+01
4.362288627166633148e+01
4.520289890163083157e+01
4.779527172939025093e+01
5.088432998072016034e+01
5.241596098579570651e+01
5.499632170017640931e+01
5.653055322165792518e+01
5.965701313744204271e+01
6.114893965996147074e+01
