-7.725460490027610660e+01
-8.165278619836028895e+01
-8.740691822590608240e+01
-9.275192920352340309e+01
-9.841108855258488575e+01
-1.048953568484912751e+02
-1.086821490433608233e+02
-1.150970327262566002e+02
-1.209011097267952408e+02
-1.246374690389968123e+02
-1.298379916591999859e+02
-1.335594481156878715e+02
-1.392289849450708630e+02
-1.429431080784864321e+02
-1.493534629260898043e+02
-1.567431080991373449e+02
-1.605084043845856741e+02
-1.667596540223468651e+02
-1.705065349852352483e+02
-1.778985418563468954e+02
-1.816001041754377070e+02
