6.737964089999999295e-01
2.925712169999989953e-01
8.936091099999998733e-01
2.508914649999987034e-01
8.092079930000011245e-01
5.555038859999967826e-01
2.562976629999980105e-01
5.852852880000085634e-01
3.451759750000036320e-01
7.218534409999932677e-01
3.170957960000038156e-01
1.024207380999996531e+00
2.765269710000097803e-01
6.650809489999858215e-01
2.382312329999933809e-01
7.123443910000162305e-01
2.161276230000055421e-01
9.533779069999752664e-01
6.266254139999887229e-01
4.620081160000211185e-01
1.299470288999998502e+00
