7.998349110000000373e-01
5.225144840000002233e-01
3.824260099999996498e-01
7.108862279999996758e-01
5.841413959999997019e-01
3.638589309999957777e-01
3.273220769999909407e-01
2.919924950000023500e-01
3.462840329999892219e-01
7.519568600000070546e-01
4.685353579999969043e-01
2.808846410000001015e-01
2.651798429999985274e-01
4.709309779999841794e-01
3.860349589999998443e-01
2.387604120000048624e-01
7.744706630000166570e-01
3.059683820000032028e-01
1.003600806999997985e+00
6.383371080000017628e-01
5.897023550000142222e-01
1.023556291000005558e+00
