8.525581829999999695e-01
4.328083810000009635e-01
2.320446189999998410e-01
7.332691789999969956e-01
4.208303030000024592e-01
7.216570569999944951e-01
2.569653519999945956e-01
3.114811949999989338e-01
6.742683679999998958e-01
5.591759059999930059e-01
2.959632889999994632e-01
1.017373731999995812e+00
2.149818290000098386e-01
4.543859240000074351e-01
5.559970119999775306e-01
3.559792160000085914e-01
4.934274700000003122e-01
7.456562840000060532e-01
2.146280000000047039e-01
2.711700289999896540e-01
1.345273692000006349e+00
