2.147009249999999869e-01
7.874382879999997087e-01
7.041755549999990649e-01
4.380703949999968927e-01
6.303273870000012380e-01
5.861606700000052683e-01
7.472879569999975047e-01
5.458225760000061655e-01
2.668787350000059178e-01
4.108613939999941067e-01
2.966989130000001751e-01
3.100769109999959028e-01
1.215181698999998616e+00
1.754225439999856917e-01
1.861264350000055856e-01
3.530026330000168855e-01
2.801004480000131025e-01
4.126023960000111401e-01
3.112588310000035108e-01
2.397216450000030363e-01
3.555423990000008416e-01
7.383003289999976460e-01
