1.646232674485866021e-01
9.640888868140153056e-02
6.174539044750738948e-02
4.257356231626707732e-02
3.144261097785267661e-02
2.552790410552449249e-02
1.949207191708651060e-02
1.911535505886915662e-02
1.606458107904557356e-02
2.006428409549434327e-02
2.707978967832736644e-02
3.029150821055200116e-02
4.285072816939621693e-02
6.713675074113352459e-02
6.049524535221754984e-02
5.069153539785637569e-02
3.843116933011273689e-02
3.295615605375938617e-02
2.232492177749688042e-02
1.992902742658492557e-02
2.082787274112861756e-02
2.043264388293502404e-02
