6.941083258365342568e-01
1.042581292034338789e-02
2.040428771961730163e-03
4.281972156437245094e-04
2.087965769513142771e-04
1.075717910799441903e-04
6.375317900936387533e-05
3.655518089874936096e-05
2.341261621518446869e-05
1.725049936102413870e-05
1.374868553606449925e-05
1.229986535678650808e-05
1.445950461541205413e-05
1.361265025861155006e-05
1.265961943215842403e-05
1.502139506979964959e-05
1.966319726949606166e-05
1.849697366011854465e-05
1.948218593181338319e-05
2.268907812242531324e-05
2.202173788576141538e-05
1.913580101988453217e-05
