1.039763226612333731e-02
8.667422328117765744e-04
1.612796313660681900e-04
5.259462916150964594e-05
2.301197078965246597e-05
1.441598414092220139e-05
1.448431954151134957e-05
1.928725575124283934e-05
2.360380148498555158e-05
3.262933693129266229e-05
4.157614769701690555e-05
3.348672820507437675e-05
2.997550353873304550e-05
4.209124269701076373e-05
3.551864341708563689e-05
2.919387302559896664e-05
2.538002839730750312e-05
2.454749046208412768e-05
2.030840999977377538e-05
1.851678385484060776e-05
1.894439881161462603e-05
2.076687440036521822e-05
