5.778612113372340708e+00
1.340289473458735392e+00
8.785464515514836981e-01
5.371757279865830847e-01
3.986216590523996572e-01
2.667564795926335441e-01
1.496324066085729931e-01
7.153942413877689699e-02
3.403246385046387879e-02
2.280154312800287270e-02
1.718252330977662612e-02
1.579332344663276003e-02
1.741580867796682641e-02
1.424877770687459945e-02
1.441508791742490171e-02
1.666601722451620596e-02
1.939608082816518878e-02
1.913799576788461840e-02
2.056783148924126725e-02
2.451820773402181228e-02
2.331753066137265407e-02
2.208976725087188203e-02
