2.343501605861951997e+00
8.062106344732312968e-02
3.423498024072480495e-01
1.268594343979284889e-01
8.619588703426656062e-02
1.056052675846718553e-01
1.052779169611316595e-01
6.979390802334353716e-02
8.415441791357453072e-02
7.438535946606378291e-02
9.195653748836284114e-02
9.979778095796376647e-02
9.748272318639215894e-02
8.441156369329019804e-02
8.515159477909249597e-02
6.711043260243237940e-02
1.335201469978532784e-01
1.194934225666809402e-01
9.800252292523094211e-02
8.229980459384340918e-02
1.164978137447184869e-01
1.230294528396324721e-01
