2.328381826741150462e-01
1.894138153247388878e-01
1.954010468468720951e-01
1.942013826504262464e-01
1.937004151419097209e-01
1.930693837870096630e-01
1.933737380991567001e-01
1.926721646591426085e-01
1.918991729934582668e-01
1.916535739259148663e-01
1.918946300226660462e-01
1.920402018325826354e-01
1.931403627651628874e-01
1.933305272289356225e-01
1.931325996221735508e-01
1.916915569932589047e-01
1.926185028222091589e-01
1.923316540425938914e-01
1.915427601262653656e-01
1.910446942633741152e-01
1.915071850009365528e-01
1.921061685572365008e-01
