1.790600188549070992e+01
1.911576075972703848e+01
2.192140642117291094e+01
2.425197009021744066e+01
2.652064192740804316e+01
2.803843427827101209e+01
3.039708578803744388e+01
3.194370706907024982e+01
3.456613272834960071e+01
3.610025791221988811e+01
3.838089929113615995e+01
4.074271451686787060e+01
4.233897741247028534e+01
4.497108304728496364e+01
4.652047740630403183e+01
4.887715667633636230e+01
5.047346709793787056e+01
5.266063341855917912e+01
5.417440822482165430e+01
5.655458104522401186e+01
5.812426602254959818e+01
6.031741547908067247e+01
