-7.849859678119460682e+01
-7.998092330695777719e+01
-8.691212966994659439e+01
-9.237356462200671103e+01
-9.786126926120715552e+01
-1.015913669354604139e+02
-1.072492469789261378e+02
-1.110099019395455286e+02
-1.173900773263399344e+02
-1.210983377310950999e+02
-1.265849436004140927e+02
-1.322159832188425810e+02
-1.359598499378770953e+02
-1.422416783988264228e+02
-1.459371987828988040e+02
-1.516824502624804154e+02
-1.554518317099639830e+02
-1.607027798301252233e+02
-1.643923236940311483e+02
-1.701625551495018271e+02
-1.739085696146769635e+02
-1.792075027876638558e+02
