-7.441663841450392169e-01
-4.543980416467547911e-01
-4.768824493974781475e-01
-4.668704916867773003e-01
-4.663783637897119805e-01
-4.666046557259537764e-01
-4.666313832030957176e-01
-4.651872519369728565e-01
-4.644508220478393845e-01
-4.634371347303065658e-01
-4.634331106948119672e-01
-4.634164364012088866e-01
-4.623883624698381656e-01
-4.614658145473556905e-01
-4.611687066211402897e-01
-4.613527914771629046e-01
-4.617912911128214670e-01
-4.613643508907103730e-01
-4.608099536719039158e-01
-4.608028108621508023e-01
-4.615171318314799098e-01
-4.630557803966801611e-01
