6.941083258365342568e-01
1.042581292034338789e-02
2.584093648067290350e-03
7.742736218228001921e-04
2.357957192558651684e-04
8.252356926009736255e-05
5.216732357293301167e-05
3.324472486971988722e-05
1.946605362607120411e-05
1.451076695953615676e-05
1.485488735414406541e-05
1.568914841861867492e-05
1.295843421113037277e-05
1.339855239032193288e-05
1.535246428309542684e-05
1.479529660246122108e-05
1.585959338931182693e-05
1.637951544129956342e-05
1.569911232098531020e-05
1.706952516971899368e-05
2.036347593860165481e-05
1.800470375655859899e-05
