5.778612113372340708e+00
1.340289473458735392e+00
9.311485763183067199e-01
6.478013518555516548e-01
3.777230624694161709e-01
2.167260078508335130e-01
1.325308496309560991e-01
7.562270709841137362e-02
4.208205208734849129e-02
2.951350397990821009e-02
1.916000431090076825e-02
1.787066947977101680e-02
1.494607959279511088e-02
1.474197289812252329e-02
1.864561147493555213e-02
1.819725422970933093e-02
1.792484435659316352e-02
2.045177993787075307e-02
1.983623797605675934e-02
2.147433938600619777e-02
2.741039265469306235e-02
2.303655102570985325e-02
