1.646232674485866021e-01
9.640888868140153056e-02
7.067731017975605046e-02
4.776043699161052619e-02
3.120385457097107212e-02
2.339150386522870911e-02
1.878157369384687858e-02
1.550684776614635017e-02
1.794097194800957709e-02
2.928205545247303601e-02
2.934667899498868623e-02
3.131896919221018039e-02
5.501192710430090338e-02
5.592774410882087738e-02
6.107004125361126939e-02
5.529901503293502968e-02
3.765394988258274900e-02
2.700672990477871391e-02
2.362381619912474334e-02
2.098853826524629471e-02
1.824274720177606821e-02
2.015012768132012216e-02
