1.039763226612333731e-02
8.667422328117765744e-04
2.605147059021466790e-04
7.024732812031735476e-05
2.801442423501215043e-05
1.452567078336757260e-05
1.445889832585244414e-05
1.355788874746097331e-05
1.842713838554304039e-05
3.025025773507533043e-05
3.954646849765662108e-05
3.107644007060315965e-05
3.818960766266136277e-05
2.903934114313037426e-05
3.115683677103425579e-05
3.070199032429275511e-05
2.217752200209507419e-05
1.981249405656471186e-05
1.938749106946294500e-05
1.732121932189219967e-05
1.504148926979182317e-05
1.895033484674115134e-05
