2.301281861430217290e+00
1.637791313933437409e-01
2.300502786326171778e-01
5.918801502547074017e-02
2.531324418574162557e-02
1.211413509369724251e-01
8.943283831247691995e-02
1.076645949895591037e-01
1.045063408100187635e-01
8.925859207509946602e-02
7.239589379704469696e-02
8.734669291921810796e-02
8.905765259983937365e-02
1.006199172480514992e-01
9.393105219483835477e-02
8.813726022799314719e-02
7.017445689718952717e-02
7.222738335633473172e-02
7.228026163315448560e-02
6.773850988643541349e-02
1.091953525414604553e-01
1.222502199119990252e-01
