1.788737483087678015e+01
1.909303110188806585e+01
2.144814594988845613e+01
2.297638364722447335e+01
2.609555721227097180e+01
2.882754892737192876e+01
3.039465272862614142e+01
3.262640385796270692e+01
3.494133159605501504e+01
3.649838506485879464e+01
3.874594648074366887e+01
4.114416051988487766e+01
4.342816561325583535e+01
4.581489359360518421e+01
4.738289342970568896e+01
4.958052500331966428e+01
5.194546903522709158e+01
5.376913488766941640e+01
5.608886901429399074e+01
5.762206431154430675e+01
5.992038457656549610e+01
6.145912074241550727e+01
