-7.441663841450392169e-01
-4.543980416467547911e-01
-4.759124153028020388e-01
-4.620665720043120039e-01
-4.656593820851551158e-01
-4.675888079451882007e-01
-4.671746078475247366e-01
-4.657046074306043781e-01
-4.650210086683940203e-01
-4.638749131842380136e-01
-4.630914206117504595e-01
-4.630550346304072029e-01
-4.624955589348643814e-01
-4.618363011936577056e-01
-4.616888692125198368e-01
-4.613051526028411065e-01
-4.609506804243452827e-01
-4.607521441965063413e-01
-4.611141645263057143e-01
-4.612989830133786828e-01
-4.626546576779919651e-01
-4.636122690579433936e-01
