2.328381826741150462e-01
1.894138153247388878e-01
1.947735107703819635e-01
1.928302333028616977e-01
1.932735028334144345e-01
1.928821204296305436e-01
1.932456082576635703e-01
1.924153519066282847e-01
1.913952967980172559e-01
1.914114454964319645e-01
1.917759912914291931e-01
1.924199555540655471e-01
1.932225776004159457e-01
1.936859509752442143e-01
1.934792955024633443e-01
1.923703574778254932e-01
1.916842677393183481e-01
1.913356682090737726e-01
1.911171738321876257e-01
1.912571381495644651e-01
1.919447440509782776e-01
1.919007544372952623e-01
