-7.843906347046299743e+01
-7.992639554196016149e+01
-8.577881437343749838e+01
-8.928778613289891553e+01
-9.685222653727478814e+01
-1.035628502242419557e+02
-1.072839879546922788e+02
-1.126974150241269967e+02
-1.183656959873233205e+02
-1.221155898286047119e+02
-1.274842400465143157e+02
-1.331735423210606371e+02
-1.385594474441710986e+02
-1.442482798870149168e+02
-1.480078407034904444e+02
-1.533112584591799248e+02
-1.590283587885824090e+02
-1.634251470898167611e+02
-1.690398669665294449e+02
-1.727385149614875672e+02
-1.782563431391561437e+02
-1.819878618369675110e+02
