5.778612113372340708e+00
1.386625041618111176e+00
9.984508554363883404e-01
6.923361566623322805e-01
4.117351518831726120e-01
2.773939707592055770e-01
1.401581250059162342e-01
6.781976845825767042e-02
3.833387447999313247e-02
2.567626448515522575e-02
1.914965191141236589e-02
1.657678113320229171e-02
1.848315158002817107e-02
1.975869023949479095e-02
1.458286698820829459e-02
1.722697357579747179e-02
1.854371547840649379e-02
1.891153071486714049e-02
2.056783120965080883e-02
2.439696721948795763e-02
2.212768448875180108e-02
2.134954165679004562e-02
