1.646232674485866021e-01
9.751457293911203195e-02
6.325731235816162146e-02
4.392957495047024319e-02
3.311625032703487820e-02
2.663355721262034362e-02
1.706822902154280647e-02
1.635855882642616929e-02
1.737108093656458685e-02
1.809615432096409529e-02
2.390287658192052911e-02
3.194469883631238100e-02
4.561396345943316555e-02
8.378746643782113146e-02
5.986014948441171352e-02
5.133304964024763828e-02
4.031004772985925105e-02
2.940967925776797470e-02
2.232492150091622968e-02
1.917027454859582258e-02
2.080925780517706505e-02
2.010802336498127355e-02
