1.039763226612333731e-02
8.639621977714455076e-04
1.630603527584366928e-04
5.136317400871094645e-05
2.875050545714617761e-05
1.728428491076780863e-05
1.480891282733014871e-05
1.783014519075288735e-05
2.173827267218146226e-05
3.006281663257696809e-05
3.667379866812847807e-05
3.075647490363756203e-05
3.216797991901488137e-05
4.741326983671943079e-05
3.483882885975807822e-05
2.912800142150828288e-05
2.421638007496782944e-05
2.432438152511245993e-05
2.030840831923297433e-05
1.672792396362494447e-05
1.909811010712425685e-05
2.011231632869083801e-05
