6.941083258365342568e-01
9.143537390895116815e-03
2.191515627860438336e-03
7.149308291559670989e-04
2.335985795411025081e-04
1.203047662283448572e-04
7.166584782612859703e-05
3.550093373526810978e-05
2.284184019830371628e-05
1.809436710542162963e-05
1.383081051656293325e-05
1.211785469489790557e-05
1.438260411953107649e-05
1.543276575257238520e-05
1.247576916167447994e-05
1.511962918823088979e-05
1.780709734546086231e-05
2.006637371472326110e-05
1.948218666257914915e-05
2.216909198020002109e-05
1.822969906663234475e-05
1.774617906960342692e-05
