2.193277555575145144e+00
1.472379919594664632e-01
2.157101212494868525e-01
4.637611627746342918e-02
8.191030146323542704e-02
9.063137062269005506e-02
4.364775882115321665e-02
4.695116133731495889e-02
8.716765864945959230e-02
6.609452239642121807e-02
5.087857872356266881e-02
5.507483103375568345e-02
4.684929761509474405e-02
7.191011029318987446e-02
8.359839782250857998e-02
6.592556992539098937e-02
6.872290253713209118e-02
8.496468519347739889e-02
7.865173704303443647e-02
9.330140716699542036e-02
9.317555226090788734e-02
4.345681482890809133e-02
