2.328381826741150462e-01
1.899111321650512885e-01
1.955971694500683311e-01
1.944788215938705878e-01
1.947830886544862361e-01
1.929143542137937983e-01
1.938080672416676586e-01
1.924376645478123038e-01
1.911058921797565979e-01
1.916602233296975655e-01
1.921247808649102495e-01
1.918589352313913032e-01
1.932319038260932320e-01
1.939985401947628141e-01
1.934779289103298883e-01
1.920359919244458702e-01
1.926579446632201709e-01
1.921453671380342065e-01
1.915428211893186461e-01
1.919221031092677165e-01
1.915381429786866541e-01
1.908827095835918808e-01
