1.786641939443611093e+01
1.981817110499557089e+01
2.144806307412929058e+01
2.380206643977870584e+01
2.612146191443125431e+01
2.759505716079074489e+01
2.998202977954999682e+01
3.224281732068975259e+01
3.412661308316595665e+01
3.646177434967099629e+01
3.802368125733907789e+01
4.069148010090356848e+01
4.298441707192915828e+01
4.454446049333994750e+01
4.689908671570026399e+01
4.840781309443886471e+01
5.069233891382380364e+01
5.222527249132084393e+01
5.454217467263104879e+01
5.682313947605150872e+01
5.836824725558333427e+01
6.108719445070948240e+01
