-7.837208849588995463e+01
-8.174431183390622380e+01
-8.577845470575562103e+01
-9.127643176363187649e+01
-9.685510719793420265e+01
-1.005180411050373834e+02
-1.062063128481870109e+02
-1.117499650397890321e+02
-1.164031915079501260e+02
-1.219714813456523217e+02
-1.257134924629377366e+02
-1.321050658671423150e+02
-1.375073003614156733e+02
-1.412043400624868354e+02
-1.468329734209461890e+02
-1.505493560592391589e+02
-1.559894979356975853e+02
-1.596633895535659349e+02
-1.652770794135839481e+02
-1.707321748391886160e+02
-1.744755294430883907e+02
-1.811816159673140305e+02
