-7.441663841450392169e-01
-4.630377605807485253e-01
-4.795946004241544713e-01
-4.675123449555395050e-01
-4.685271442978369283e-01
-4.665013918388738468e-01
-4.661741635642702164e-01
-4.654842463641510886e-01
-4.650692644737970394e-01
-4.633975659871800712e-01
-4.635049569462805774e-01
-4.628472011439327405e-01
-4.624780182669676609e-01
-4.615469021903146896e-01
-4.614099974945620186e-01
-4.617889708227195245e-01
-4.623360736269879201e-01
-4.611981332024217561e-01
-4.608098972405382243e-01
-4.610730910633860091e-01
-4.611756314761490394e-01
-4.629556040832676356e-01
