1.646232674485866021e-01
9.640888868140153056e-02
6.179985403961165552e-02
4.428008656292556355e-02
3.425945226399872839e-02
2.555439959114386844e-02
1.980387130570647122e-02
1.782462788726367139e-02
1.765846003766588512e-02
1.745978135870778630e-02
2.399342317712414158e-02
3.368737258559902775e-02
7.106218839926869979e-02
6.130384885774928239e-02
7.264326538555536394e-02
4.871389584361394964e-02
3.641540234052650926e-02
2.587407167331450333e-02
2.411056958965049346e-02
1.898117357205455005e-02
1.803380852784739960e-02
2.011275178376876333e-02
