6.941083258365342568e-01
1.042581292034338789e-02
2.089713608624979395e-03
6.499349417457684058e-04
2.200132389770329011e-04
1.085798365345996662e-04
5.874766982573572868e-05
2.893546214538773737e-05
1.698158793843386493e-05
1.564894725714612166e-05
1.302025345311255301e-05
1.200527454928527981e-05
1.111502345649184308e-05
1.497239117629137274e-05
1.306038178412521891e-05
1.394484486355662652e-05
1.699840430747775815e-05
1.775619630907278510e-05
1.616689240484524585e-05
1.977453069301237303e-05
1.858841265212607104e-05
1.760762739833753951e-05
