1.039763226612333731e-02
8.667422328117765744e-04
1.765509961877893049e-04
5.089366583569829918e-05
2.892970265329861677e-05
1.469897951383472462e-05
1.517791217051062606e-05
1.817650556482771363e-05
2.308809433431010475e-05
2.550078067218021055e-05
2.494064556887356777e-05
2.726112725513456648e-05
4.146929921637277418e-05
3.293426579908449075e-05
3.927791726894955444e-05
3.016011575369578860e-05
2.271805321139379918e-05
1.973204832752275634e-05
1.909135322956477651e-05
1.723654644414060702e-05
1.699299763096632807e-05
1.732826494781136839e-05
