5.778612113372340708e+00
1.340289473458735392e+00
8.749238526389061521e-01
6.204290565045473826e-01
3.856549557409529871e-01
2.516582833985923084e-01
1.387382331663185586e-01
6.840885963302388573e-02
3.635376617790683079e-02
2.698090282930941733e-02
2.168755854629374202e-02
1.733790694485625589e-02
1.431541581992226697e-02
1.707340558829089153e-02
1.503794459832335714e-02
1.629774362150272771e-02
1.954036126446190291e-02
2.085247207626201096e-02
2.041357223107605548e-02
2.284063231823204448e-02
2.552891823177763295e-02
2.290737738363377712e-02
