2.230874084366527565e+00
1.346547965029098182e-01
3.391775434393232702e-01
3.747106093964559098e-02
7.290854700153795442e-02
2.104394362161424517e-02
1.472901805993970942e-02
3.488299412317148046e-02
8.948631106743744346e-02
1.180286140918033189e-01
9.083984517116662494e-02
6.349573711630646100e-02
8.474094973130735786e-02
1.426833738148314823e-01
1.724390154101088091e-01
1.727829470680648793e-01
1.909516074365086857e-01
2.444451849274472954e-01
2.194482577656132749e-01
2.437083334322135419e-01
2.051008532852065525e-01
1.468260377912173620e-01
