2.328381826741150462e-01
1.894138153247388878e-01
1.956157638598732262e-01
1.943445148894650254e-01
1.947036574509211915e-01
1.932057283229172417e-01
1.936332984454570139e-01
1.924354887272530235e-01
1.913323846906285208e-01
1.911017793413747334e-01
1.918885547281246051e-01
1.918376425656838080e-01
1.935934153309504246e-01
1.939585930827113502e-01
1.929482877523056583e-01
1.927193242251652450e-01
1.918806223473563666e-01
1.914444496482791136e-01
1.913569225450449940e-01
1.911695395620409688e-01
1.912915224267498493e-01
1.916056833843871043e-01
