-7.441663841450392169e-01
-4.543980416467547911e-01
-4.777206107195390850e-01
-4.658568479450257982e-01
-4.676128724032009298e-01
-4.652946432708651159e-01
-4.665348856935218613e-01
-4.653026730218463580e-01
-4.651339766949537102e-01
-4.641963145908709620e-01
-4.635801277194079306e-01
-4.635908400549266783e-01
-4.622658396587264740e-01
-4.615476876905499903e-01
-4.612548399527609533e-01
-4.612440010328008322e-01
-4.617261282551642365e-01
-4.607399807873832076e-01
-4.612913975745559503e-01
-4.608410526739810109e-01
-4.623346732164455020e-01
-4.637806706168892124e-01
