-7.839441348741429749e+01
-7.996729136570837682e+01
-8.693784831354865617e+01
-9.042661100624252413e+01
-9.596387544522295343e+01
-1.015530231487881991e+02
-1.071169521620423950e+02
-1.136641509639563736e+02
-1.190793075902332561e+02
-1.228017082652114738e+02
-1.284022679999312686e+02
-1.338145081320248835e+02
-1.384672349322178491e+02
-1.440865041334155592e+02
-1.494428873717344857e+02
-1.531472981628061802e+02
-1.588439568383563198e+02
-1.641318051851448843e+02
-1.678471306127484013e+02
-1.742678054108875187e+02
-1.780152171663938816e+02
-1.837079875903698394e+02
