1.787340453991633282e+01
1.911007834526729354e+01
2.192501291199017288e+01
2.345390731720213395e+01
2.575410356682162316e+01
2.805251693945035640e+01
3.036220582361767129e+01
3.304863689701754481e+01
3.524508151450753246e+01
3.677293419300966093e+01
3.913761041776175631e+01
4.139414782187214570e+01
4.339077013636259039e+01
4.575182464396743853e+01
4.797814310172859820e+01
4.951440525484993316e+01
5.186361710910607314e+01
5.406028164624172661e+01
5.559524433639854379e+01
5.825598708423964922e+01
5.979934668763525707e+01
6.214764832899627578e+01
