1.076002785000000017e+00
9.612483439999994772e-01
6.627782429999982128e-01
1.888589839999994524e-01
5.209151110000007634e-01
2.371609360000022093e-01
1.264259725000002277e+00
5.407586010000073884e-01
1.843628759999944577e-01
6.500325829999979987e-01
2.827759259999993446e-01
3.832595290000000432e-01
4.339973570000097425e-01
6.862524209999776303e-01
4.503405689999908645e-01
9.462092509999990853e-01
7.384409219999952256e-01
2.999725560000001678e-01
2.683481159999985266e-01
2.434971140000072864e-01
5.790222309999819572e-01
2.117283430000043154e-01
