1.047516906999999886e+00
7.094012869999994919e-01
1.119357321000002514e+00
3.748449340000021834e-01
2.421718749999968168e-01
9.946599649999967596e-01
9.916110469999921406e-01
4.309624060000061263e-01
2.480192379999976993e-01
2.989918960000039760e-01
4.439204650000050378e-01
4.662773090000058573e-01
3.168024349999996048e-01
3.237537640000027750e-01
2.835139210000079402e-01
2.941097240000090096e-01
3.807112190000054852e-01
3.135488490000000183e-01
5.420452670000202033e-01
3.473732989999973597e-01
3.467559750000077656e-01
4.615926079999894682e-01
