1.247733178999999915e+00
9.926694590000000318e-01
9.624666529999998943e-01
3.639553380000002392e-01
3.093335220000028585e-01
8.871281569999993621e-01
1.443111362000010445e+00
2.367133999999992966e-01
2.310121579999986352e-01
3.712101729999943700e-01
3.392860469999874340e-01
2.176009000000078686e-01
4.878202929999986281e-01
4.881923069999913878e-01
2.472110660000055304e-01
9.784293559999923673e-01
6.224866450000092755e-01
5.085109839999972792e-01
1.636383370000089599e-01
8.477660980000223390e-01
5.808962099999916973e-01
3.093763140000191925e-01
