8.939238379999999706e-01
3.155544990000009875e-01
6.986474379999982887e-01
3.238975160000023834e-01
1.612110250000000633e-01
3.048872129999935510e-01
2.271460259999997788e-01
7.040208060000026080e-01
3.390911670000065214e-01
6.560106109999992441e-01
2.847018450000007306e-01
6.083379180000036968e-01
2.231679330000133632e-01
3.040554279999980736e-01
3.267302499999971133e-01
2.833912190000091869e-01
3.781167399999958434e-01
3.787521060000074158e-01
2.875352640000130577e-01
3.581473509999852922e-01
1.025459735999987743e+00
3.842159060000085447e-01
