1.471009889380874569e-01
7.009737853183620193e-02
5.008172917800000901e-02
3.587564149004699582e-02
2.657288430709477817e-02
2.437418629579004084e-02
1.761158710882883977e-02
1.347435945224670188e-02
1.488524136641204004e-02
1.942178520120799862e-02
2.225043652467638758e-02
2.384886015948744706e-02
2.272654658017171300e-02
1.854838463387845082e-02
1.809644740326788945e-02
2.151136297004425588e-02
2.222652872431766721e-02
1.834797234756323225e-02
2.074138338013279195e-02
2.229119242015422872e-02
2.067743848997148290e-02
2.436510295539576557e-02
2.157091890676345394e-02
