7.575350085981519439e-03
7.001848941140473032e-04
1.882870901574592248e-04
7.889131176907789435e-05
3.929272021721991756e-05
2.346032076466607200e-05
1.480443289773469212e-05
1.297171323590600135e-05
1.358498673333132329e-05
1.443530371449151227e-05
1.327054402765339442e-05
1.404566608113389657e-05
1.503364684328449818e-05
1.366850387049109566e-05
1.461096907999683720e-05
1.570319994652089675e-05
1.418258015861390468e-05
1.530202535674749753e-05
1.646767311135818258e-05
1.482530054901820141e-05
1.616114672279691996e-05
1.741316799931521829e-05
1.564535032008983499e-05
1.724614321113592685e-05
1.850704820091194822e-05
1.666306222145603135e-05
1.859197739849476592e-05
1.973785457846001992e-05
1.791654428329767800e-05
2.028456404721028637e-05
2.115213127385457973e-05
1.938499375381729913e-05
2.222923293550398488e-05
2.240214731772428665e-05
2.096840981757743273e-05
2.450787482283919784e-05
2.366296329925099643e-05
2.259016413805184294e-05
2.675371183008313131e-05
2.469210678629944492e-05
2.385998875151132986e-05
2.891242013236888721e-05
2.575493503813200917e-05
2.513004007729214374e-05
3.114451137019734521e-05
2.687346432522183491e-05
2.643813102515557239e-05
3.297320432339426779e-05
2.786332183671784657e-05
2.817999420890923961e-05
2.751227322041013319e-05
2.278858129565996935e-05
1.795533294573662075e-05
1.737887865099998932e-05
1.471672327580409589e-05
1.208843775246020306e-05
9.971938798953379314e-06
