6.151015120403363623e-01
5.497832386550029204e-03
1.127546441323081482e-03
3.750670734435117217e-04
1.495966970079937435e-04
7.562689068815068650e-05
5.146863598199150590e-05
3.840809288304729117e-05
2.612589625871681413e-05
2.130506796271471029e-05
2.098620668630578464e-05
1.974283887349515511e-05
1.719414262120987758e-05
2.045133261148109353e-05
2.123446388245496405e-05
1.728955822481653690e-05
1.789432859005887438e-05
1.748553051337063257e-05
1.545372975045699850e-05
1.676044088185897699e-05
1.930903123491182051e-05
1.715897901002507074e-05
2.036520753583483332e-05
