1.922375613770308078e+00
1.134981080799032593e+00
8.007162109534465833e-01
6.357099318118824005e-01
4.429294860009430068e-01
3.255825188225021094e-01
2.303984522956346870e-01
1.201068021642258121e-01
7.632628226271466476e-02
5.193710189519362003e-02
4.351981960652429038e-02
3.290662204063719842e-02
3.056614398291873994e-02
2.245978199651001844e-02
2.003042241335482171e-02
1.796125852130074294e-02
2.210910825596100818e-02
2.897942594871842290e-02
2.452437525812729141e-02
2.059109899840264046e-02
2.071106130699012018e-02
1.993570748581174890e-02
1.894601212587678982e-02
2.123093243633885491e-02
2.056315551891052182e-02
