4.087954600207828193e+00
2.619667164427640915e-01
3.163027965837819644e-01
3.372213138937493748e-02
3.904174917425792812e-02
2.732306848418173881e-02
4.570476484332586936e-02
2.085475811286051362e-02
1.031946482683531417e-02
3.760492492517038959e-02
5.025851778514887208e-02
4.656393326254117809e-02
5.542731938255964635e-02
4.547731715436539174e-02
2.151272641278980866e-02
5.747436698739619154e-02
2.410745571931108278e-02
2.467009696445309277e-02
4.419480650215183715e-02
5.640753831708809896e-02
4.342978614731383968e-02
2.134834834663450892e-02
4.142378174940679336e-02
3.765926703135077241e-02
3.089589668319841706e-02
6.425883992503376649e-03
1.940882792733699194e-02
