-4.883259114958267588e+00
-8.290634250078305456e+00
-1.140780071589366074e+01
-1.503907765494054694e+01
-1.895106336602063024e+01
-2.265108036065182162e+01
-2.714222973431726160e+01
-3.081233386439702215e+01
-3.476217071262429670e+01
-3.812738169429477608e+01
-4.171190561555516751e+01
-4.577788402320948080e+01
-4.948956613791084891e+01
-5.287044528755053818e+01
-5.712301351946987893e+01
-6.069413245258820666e+01
-6.425145611495923959e+01
-6.922317942210071351e+01
-7.266542129057721411e+01
-7.651123758451069534e+01
-8.031765806852826017e+01
-8.361670049162046325e+01
-8.806147354521876025e+01
-9.200642969520940539e+01
-9.505573384562862316e+01
-9.930631532625680791e+01
-1.030314087274378210e+02
-1.059346922641654629e+02
-1.105502622560264285e+02
-1.139700412802889531e+02
-1.173357222852603741e+02
-1.220332146249070462e+02
-1.256093304299250804e+02
-1.306268732099622696e+02
-1.341885571553064835e+02
-1.424784544969649573e+02
-1.499019815164510021e+02
-1.558331828567032176e+02
-1.610463427621642154e+02
-1.661897276919482636e+02
-1.714159686186640101e+02
