7.497207258974469823e-02
-2.174635265455826527e-02
-8.907852859680431834e-03
-4.542745326468811129e-03
-7.510554907077526821e-04
-1.243662186973026884e-03
1.727736291923243073e-03
1.751619521450198391e-03
1.405732713059215655e-03
7.689094835988674603e-04
1.404120847530443417e-04
-8.292842949176315592e-04
-9.556723113522402890e-04
-5.442577059672215611e-04
1.341479571889681033e-04
4.276423172593357691e-04
3.314646702402557210e-04
-1.055660887389064939e-04
-1.538680120343194346e-04
-5.387710348098151414e-05
-3.918643278322253565e-05
1.014037123416855479e-04
1.160415483996146691e-04
5.566694666553351212e-05
2.000079620700923044e-05
