1.979259936331523306e-02
-3.812301854697275338e-03
-1.326223201910226024e-03
-2.467073315362888764e-03
-5.272827554930192839e-04
-1.636611610765503766e-04
8.825027478638891587e-04
4.360030831593308953e-04
6.905651505718646277e-04
5.249319879174763059e-05
2.487921982874397031e-06
-5.888360421845151293e-04
-3.937235715535947200e-04
-1.023185914453272893e-04
-3.133552929235339235e-04
2.943555110956896925e-05
2.869627852826184267e-04
8.214571546680260461e-05
3.018881557414476724e-04
8.639107037051729776e-04
1.381710829178040001e-04
-1.684007840017653912e-04
-3.000865053727763687e-04
-6.044442718807219173e-04
-7.273904789075746891e-04
-1.065141559821736195e-04
-2.504869619818217430e-05
6.251949318990535076e-04
