-7.624470250379600600e+01
-7.919690010114297252e+01
-8.445174448079980323e+01
-8.971399597656770197e+01
-9.332895059031727669e+01
-9.700739551247906434e+01
-1.014160882981648086e+02
-1.071806614457551632e+02
-1.112455569747034758e+02
-1.183169531248337307e+02
-1.222739426335048165e+02
-1.273222375534771942e+02
-1.319812495208278449e+02
-1.381318730252679927e+02
-1.413229620826446933e+02
-1.461429978264595491e+02
-1.518155258932356730e+02
-1.571430195903101605e+02
-1.621623871398125232e+02
-1.656306894048122444e+02
-1.700638233967603128e+02
-1.743252355130921671e+02
-1.807751619820146232e+02
-1.863072709662008890e+02
-1.919373358904975930e+02
-1.975719296971331858e+02
-2.004680105512541957e+02
-2.054297062164652630e+02
-2.080517176666750174e+02
-2.124698408132767327e+02
-2.163488580873692797e+02
-2.221397327798642323e+02
-2.264919748147721066e+02
-2.310610670338769523e+02
-2.364660411876990906e+02
-2.398880701390060040e+02
-2.447487576395620579e+02
-2.483457946139382386e+02
-2.541130270414898575e+02
-2.578263210625179340e+02
-2.631219997124576366e+02
-2.668502740421788531e+02
-2.724531870157533717e+02
