7.575350085981519439e-03
7.001848941140473032e-04
1.665949098673165244e-04
5.894360971240965113e-05
3.057032363399171025e-05
1.822113516740365451e-05
1.148060891563651569e-05
1.006266675438798145e-05
1.097696036167568304e-05
1.203850653188159114e-05
1.592907084278248606e-05
1.470706931641854465e-05
1.303362971379608532e-05
1.319985220474599407e-05
1.332988724752700194e-05
1.393709740997152494e-05
1.494249528819419282e-05
1.646767263145152387e-05
1.482530029736257656e-05
1.616114659118354809e-05
1.741316839725743620e-05
1.564535038955251672e-05
1.724614313460387426e-05
1.850704805732166601e-05
1.666306222145603135e-05
1.859197739849476592e-05
1.973785457846001992e-05
1.955013517070670046e-05
1.887005298248803993e-05
1.974476717120645736e-05
1.678187269419130625e-05
1.720017961340155263e-05
2.032215547232327463e-05
1.927339979683364272e-05
2.292157126050559777e-05
2.109469261847133310e-05
2.239407908405027857e-05
2.284162479221771893e-05
2.232526977457215147e-05
2.354751244025221559e-05
2.423778885588380536e-05
2.457185801900857751e-05
2.549621744094707822e-05
3.176248830655407825e-05
2.711206552134176061e-05
2.669543429996459375e-05
3.361019289960878064e-05
3.202460488036251729e-05
2.716393935429060123e-05
3.009293724286603921e-05
2.705938935325166904e-05
2.571229025050511568e-05
3.201321922675248759e-05
3.825956378497395439e-05
3.268770444886873866e-05
2.872762131103897193e-05
2.700261327268217609e-05
