5.420334079604507416e+00
1.221699612084736986e+00
7.807114402134663900e-01
5.163423876591740624e-01
3.511131278266673150e-01
2.507769445768817662e-01
1.507189093924109213e-01
8.498885362697379542e-02
4.367057527691826230e-02
3.055793864265249349e-02
2.312359926876447411e-02
1.917018194831832806e-02
1.899239175652741099e-02
2.157275749454447278e-02
2.438039877831741503e-02
2.054001386954564662e-02
1.949791518997501596e-02
2.149867196311869288e-02
2.268566035208334844e-02
2.073243071518831443e-02
2.073719731855858464e-02
1.942602073106340643e-02
1.964142481501291934e-02
