7.293584635274109884e-02
4.408715409761086029e-02
2.988175276653301862e-02
2.307424986007718462e-02
1.895345093925956612e-02
1.586283957778650278e-02
1.370914840398144291e-02
1.340249536934180925e-02
1.340996538611289104e-02
1.335887264714366064e-02
1.366640373697418191e-02
1.359698722103832962e-02
1.340183776124515003e-02
1.386939920361034487e-02
1.376057890628966905e-02
1.349028107466544030e-02
1.406643913040809060e-02
1.394220639405235364e-02
1.360148156770623132e-02
1.342206879854756368e-02
1.352263767575850352e-02
1.299634792826120412e-02
1.381957865662230590e-02
1.471584615307827172e-02
1.482403469555408811e-02
1.487155834366756489e-02
1.393457131245886410e-02
1.424668573697323443e-02
1.397870796807539236e-02
1.653253155877546995e-02
1.805185945625916236e-02
1.544567782519906327e-02
1.453370191401294649e-02
1.574156380249891810e-02
1.489694790413406515e-02
1.447055594993030582e-02
1.448674076669018672e-02
1.363015442996079463e-02
1.294432668577607734e-02
1.299340422793706339e-02
1.389585262571895082e-02
