5.140547391584985526e+00
6.805530403577535192e-02
1.521838945297433916e-02
7.317038819415931476e-03
2.998829640312248267e-03
1.561728301959431492e-03
1.054419740153892835e-03
8.213299426350381509e-04
6.593537328277434759e-04
7.024754588888712774e-04
6.031520981189821516e-04
4.794132559281000954e-04
5.150946303024572662e-04
4.556239081269927108e-04
3.621274777544612744e-04
3.931056612787824762e-04
3.597159405546438067e-04
2.875996435524373965e-04
2.715809431502448049e-04
2.493668477399605841e-04
2.115631864873958724e-04
1.932037305550038072e-04
2.089527326264950481e-04
1.843692947485629687e-04
1.787148566581659370e-04
1.489044924261386795e-04
1.669666903327047646e-04
1.495025384688075264e-04
1.314259125653274049e-04
1.548366265295739283e-04
1.580957772542006137e-04
1.301858190913526337e-04
1.218916845441357340e-04
1.380072407221924729e-04
1.015002023686551591e-04
8.323188536277715459e-05
7.041242380448258583e-05
5.381638459106146576e-05
3.606917664668773862e-05
2.754815593898005607e-05
2.194193269583446430e-05
