1.293755193935394399e+00
4.437177845391038905e-02
2.269423275904564885e-01
6.092019667570543195e-02
9.293668219778105158e-03
2.718554718274428586e-02
1.066575432128841726e-02
4.101702396443574622e-02
1.068680016003868347e-02
1.571996809490677598e-03
9.204305809916718192e-03
1.347837496850826100e-02
1.633751187340028166e-02
1.107742006691284087e-02
6.761161868592976097e-03
1.194750802526368776e-03
9.390382810288483081e-03
4.295699884752961911e-03
4.938327262784729041e-03
1.064666690621406467e-02
1.325687870101460372e-02
1.764487053445060877e-02
1.420584196813251890e-02
