-7.067869783497826575e-02
-3.607594640559970145e-01
-3.027473488777410182e-01
-1.680460567678085937e-01
-1.624074952882417211e-01
-1.736617311594390589e-01
-1.681677048328474589e-01
-1.594357631181020363e-01
-1.604375245953162388e-01
-1.549870431155246919e-01
-1.588651110866234895e-01
-1.464188325369876753e-01
-1.514033384847057739e-01
-1.593242372898358017e-01
-1.596332542247900221e-01
-1.514149671837785593e-01
-1.315680589895982244e-01
-1.333573168379273977e-01
-1.261583554750109748e-01
-1.302970101058171792e-01
-1.308612719295758620e-01
-1.544294224170650320e-01
-1.582020699721637946e-01
-1.630409931754650543e-01
-1.645396848879836504e-01
-1.608527355258524416e-01
-1.606601665404543411e-01
-1.495711564694079954e-01
-1.524465771882432819e-01
-1.534735752408009635e-01
-1.555272256158697353e-01
-1.508109313980410260e-01
-1.565530928711229564e-01
-1.570664025171160105e-01
-1.496515314349271542e-01
-1.503368808619360841e-01
-1.516559095033416238e-01
-1.504395642136797662e-01
-1.448903298397357098e-01
-1.468264139539077195e-01
-1.515520104408656366e-01
-1.467157807086680865e-01
-1.522756823439208596e-01
-1.540058130066570552e-01
-1.522920048006484173e-01
-1.500799594193047426e-01
-1.512953932570406668e-01
-1.524983232026702051e-01
-1.516931285173410693e-01
-1.519769018298620100e-01
-1.491357530755836880e-01
-1.484460068777804231e-01
-1.479177428143427786e-01
-1.482162757092779781e-01
-1.511432906685495625e-01
-1.503335501111131567e-01
-1.508477939390449052e-01
