-1.492493936982208780e-01
2.083161026917190739e-03
3.605449597761989367e-03
1.556806083952699815e-03
8.243664056557520325e-04
5.396124843780603086e-04
-7.748781108193325551e-04
-3.715050115225548844e-04
-3.145150976499033746e-04
-4.890027713592148828e-04
-1.958575685240271369e-04
1.053411525434033713e-04
1.909089276179720684e-04
2.471188154573589202e-05
-6.300016131465246971e-04
-9.617157854570068665e-04
-2.738828350142830104e-04
-5.024603569937502456e-04
-2.650119617789714610e-04
-1.842966376678356610e-04
4.078432467422010710e-04
7.013496992129275576e-04
1.017049071696418672e-03
9.886642798911937646e-04
5.436909921094912335e-04
-3.877571862492823485e-05
-2.965439642235168094e-04
5.008669905370854991e-05
