-7.630412308581929892e+01
-7.924557566944650944e+01
-8.454765957465147608e+01
-8.887569726698119155e+01
-9.288030326257045033e+01
-9.611686152199277444e+01
-9.993838794691986038e+01
-1.034639472659198987e+02
-1.086910447078062987e+02
-1.127202470163126407e+02
-1.193575181770362548e+02
-1.241742019160111852e+02
-1.294778679308480207e+02
-1.340866773550347375e+02
-1.396785996391236040e+02
-1.428641314903489388e+02
-1.483892084377056335e+02
-1.535139568952884872e+02
-1.572776534195204761e+02
-1.617931688244131294e+02
-1.672851870977323188e+02
-1.706225007688704238e+02
-1.733590502529661137e+02
-1.781356785446332083e+02
-1.841400691634032398e+02
-1.879468762740040972e+02
-1.930439906091149851e+02
-1.962606130359709482e+02
-2.009176734526281223e+02
-2.039630755097152530e+02
-2.064145904023679350e+02
-2.107242548352665779e+02
-2.141953161821244578e+02
-2.201582330309209397e+02
-2.243128183372075739e+02
-2.308214519235467890e+02
-2.342043377794311141e+02
-2.391356627179286249e+02
-2.424369878368009097e+02
-2.478088011932047152e+02
-2.517878086044433985e+02
-2.570625762200150461e+02
-2.606940143113871500e+02
-2.665357011242389262e+02
-2.705712312211405788e+02
