1.754183051561495787e+01
1.891877161409603758e+01
2.100524408190645786e+01
2.284171935724020130e+01
2.455179456754587264e+01
2.589491105498038337e+01
2.751281944230133902e+01
2.875526519502935940e+01
3.080935297429664033e+01
3.257442093356462465e+01
3.534563607432248489e+01
3.745735738310909824e+01
3.979043605393751193e+01
4.161687657805809692e+01
4.389740300725333100e+01
4.522331990730620532e+01
4.753049230370299227e+01
4.959059381070500194e+01
5.113125255969048766e+01
5.307464468988069228e+01
5.538494335237938060e+01
5.665344290009000616e+01
5.784118229019952651e+01
5.988886754839833770e+01
6.233397752290193949e+01
6.387809735701321046e+01
6.598087874526267171e+01
6.727468240145003620e+01
6.889771260487637505e+01
7.028157203274616904e+01
7.145842191394105214e+01
7.333789305522833502e+01
7.491778131078200431e+01
7.709041352250399370e+01
7.884949978714170982e+01
8.158839272453668912e+01
8.302249841137394526e+01
8.504086004934636378e+01
8.637344659098337729e+01
8.863952529010920500e+01
9.017751786948515758e+01
9.244377337064966582e+01
9.402490366320503767e+01
9.645393409895974912e+01
9.815459767547312708e+01
