5.070904633523592997e-02
1.002956889483840736e-02
2.063772429680219098e-03
6.037226240416969023e-04
2.679157263184551671e-04
1.381092856434229792e-04
7.245643039326013328e-05
3.725923027177664623e-05
3.108860196290490148e-05
2.327280412345828040e-05
2.546891508199612702e-05
1.804554680157549886e-05
1.620299533428818680e-05
1.472710564121376530e-05
1.971380018931170536e-05
2.306585786978792958e-05
1.743623021415859224e-05
1.894412714949890043e-05
1.926882727319840328e-05
1.763165711100215491e-05
1.733468283016939473e-05
1.868761067715779049e-05
1.565792862985965715e-05
1.415169680977195039e-05
1.629331790379688919e-05
1.794873280386683094e-05
1.310524843708665037e-05
1.376059255335675969e-05
1.554518376845309596e-05
2.026271889097683112e-05
2.183722592543138608e-05
2.018104493544665195e-05
1.758917803691747097e-05
1.613808946161688002e-05
2.059805624991846174e-05
1.959021440216531670e-05
1.813995167664587491e-05
1.784297634280673201e-05
1.514721606782123354e-05
1.312107074567161466e-05
1.264962992639599670e-05
1.379347294774236716e-05
1.524623424123686836e-05
