4.158035383890733468e-03
8.597417821650744831e-04
1.064979183770681123e-04
5.360219745262834380e-05
2.354033649711122336e-05
2.084553343360221606e-05
9.689449448007551876e-06
1.079669712477552182e-05
1.220220063154679290e-05
1.454463199512776874e-05
1.569109365119981120e-05
1.439400403381664593e-05
1.778359666720644920e-05
2.285495363322688494e-05
2.023014226251530675e-05
1.832032024654582520e-05
2.014104560151626879e-05
1.717865003043236432e-05
1.709505469667521317e-05
1.848461919122818206e-05
1.742597540191131314e-05
1.702764683963195816e-05
1.966676082634021702e-05
2.214397710180071287e-05
1.795164733711958525e-05
1.411971622079414724e-05
1.878071374199939152e-05
1.725349804599836265e-05
1.888523303394234524e-05
1.858343918476600628e-05
2.164647792662349751e-05
1.823539512697525450e-05
1.570810385656394269e-05
1.670188374083677455e-05
1.679886704184597456e-05
2.017207421600690164e-05
1.930190968698592644e-05
1.781102104619917273e-05
1.448883128145171881e-05
1.314496166441665740e-05
1.356800738725062282e-05
1.784746604311797345e-05
1.830559572249594548e-05
