3.571566697260559309e+00
2.417589016208169905e+00
1.633322612960336429e+00
1.124802822496234977e+00
8.404841435795453730e-01
5.807074764839835757e-01
3.150459135393579579e-01
1.990713576964316389e-01
1.237168621540234159e-01
7.586305287656887331e-02
4.720731057029686761e-02
4.007892518805777904e-02
3.337150303383413369e-02
2.858009740656094685e-02
2.994892822776054273e-02
2.510145165242258850e-02
2.788034653041950375e-02
2.567490069586401621e-02
2.432921162286015918e-02
2.734058193120561184e-02
2.203081671217610796e-02
2.500369629252721659e-02
2.273219026516652697e-02
2.225413035258859765e-02
2.912512446683718573e-02
2.182656331285955445e-02
2.676582562177715063e-02
