1.368465114551589701e-01
9.538749131689676364e-02
5.493194324371847986e-02
4.356054996207001789e-02
3.174081589967803207e-02
3.017878195502708694e-02
1.554136450493740981e-02
1.528510619302470702e-02
1.516263886733179751e-02
1.705467770893042898e-02
1.813111755012853515e-02
1.908006937445077406e-02
2.385514304544443520e-02
3.337096691785541164e-02
2.734951490077198663e-02
2.510192788623461652e-02
2.263397139207369568e-02
1.924326698765903634e-02
1.722817568735874813e-02
1.851812781925368454e-02
1.974936383990921751e-02
1.785495939161064333e-02
2.163911708942635459e-02
2.893544648071314299e-02
1.996573830838458199e-02
2.102261444067102247e-02
2.888458424952903419e-02
2.198828513643973429e-02
2.496200446554915076e-02
2.272645411983142266e-02
2.199467722265405906e-02
1.971319866316483677e-02
1.669976609662761000e-02
2.034288986921938339e-02
2.721809971016271590e-02
2.814343576241626690e-02
2.423928667388994956e-02
2.179649352348258726e-02
1.859441424302682097e-02
2.121196437744330560e-02
2.136359770640582426e-02
2.752783931878906645e-02
3.126697818771506654e-02
