1.218086409208215537e+00
5.640061343018196172e-02
2.366834578536506084e-01
7.076480139096667787e-02
1.783961594560139544e-02
1.814224368110007798e-02
1.826100650805129524e-02
2.700313501750126188e-02
5.872168172311596941e-03
1.054741915672281240e-02
8.843055683078382759e-03
1.442656825535422460e-02
1.072447831733041104e-02
3.680371367342027446e-03
4.266983557952854292e-03
9.514391573911951464e-03
9.273272205396719536e-03
1.169280005445725787e-02
1.483196007123206879e-02
7.899591847201899858e-03
1.723580689224884360e-02
1.752276513729332172e-02
