4.069737126661721049e+00
-7.502361035859195226e-02
-1.066474714752869701e-01
-2.391713374155362004e-01
-3.489617698696401149e-01
-3.249696362108276393e-01
-3.231786949374715334e-01
-3.394781085578371105e-01
-3.409924736023595138e-01
-3.259914161902697227e-01
-2.678920976117997732e-01
-2.806312250121378860e-01
-2.671223833340117260e-01
-2.656616137372167508e-01
-2.470323549575734745e-01
-2.301921347351263414e-01
-2.482571091281131626e-01
-2.365714922448405311e-01
-2.331523240519679518e-01
-2.506119667793546002e-01
-2.606804631500576619e-01
-2.671074951661043251e-01
-2.727685675915108021e-01
-2.546272146076664633e-01
-2.863589139054498744e-01
-2.619363593354746556e-01
-2.499271917775179874e-01
-2.401517422529062529e-01
-2.440182883166519545e-01
-2.486619818845963170e-01
-2.646651270981599247e-01
-2.772131093905945143e-01
-2.828904170612420721e-01
-2.711278325295731761e-01
-2.613432322950490772e-01
-2.525468241295549809e-01
-2.577783984614980817e-01
-2.577583757483905558e-01
-2.651886113042891679e-01
-2.664948470935195601e-01
-2.645235521917461696e-01
