1.515560543235736013e+01
1.494933564109908808e+01
1.505180815317289955e+01
1.501039587896947225e+01
1.498285384574483814e+01
1.498230932695299344e+01
1.498622633887510069e+01
1.497886903890760735e+01
1.499573654849868198e+01
1.500876095649328157e+01
1.499698147585045405e+01
1.499916952699504513e+01
1.499688550938847520e+01
1.499803323356339746e+01
1.499574775188493803e+01
1.500561061033884336e+01
1.499776115073929006e+01
1.499500548997831650e+01
1.498596404764148105e+01
1.499245652012054641e+01
1.498468990645847754e+01
1.498460658042820270e+01
