-7.120810655561446367e+01
-7.002478208894464728e+01
-7.023094366084907847e+01
-7.006999702005339259e+01
-6.999507442477016639e+01
-7.000402257292392960e+01
-6.998801039542338742e+01
-6.998318774898815775e+01
-7.000403798716439496e+01
-7.000587313308128046e+01
-7.000831192792152535e+01
-7.001440264511172984e+01
-7.001026227964000270e+01
-7.000311078176434876e+01
-6.999964569130438008e+01
-6.999231594516889743e+01
-6.999100104831754265e+01
-6.998942756211856420e+01
-6.999520634993517376e+01
-6.999765490668401924e+01
-7.000791669596338807e+01
-7.000837197300182879e+01
