2.085039355163118557e-01
1.877820826443610258e-01
1.869696132146487777e-01
1.791113632068380146e-01
1.638070316951608651e-01
1.549122225885533055e-01
1.505514438373263264e-01
1.518570876126479341e-01
1.588790186097513712e-01
1.770124586710952741e-01
1.878414640571232086e-01
1.806455656585209679e-01
1.736885477842471381e-01
1.694140547414918485e-01
1.644060818291450676e-01
1.691327135291148531e-01
1.749977692343193114e-01
1.780513035033515212e-01
1.791908386880278758e-01
1.754384153808076219e-01
1.630493181307647310e-01
1.582119893133893118e-01
1.555198463390341512e-01
1.552857465352572852e-01
1.649756939616758844e-01
1.705237423769516703e-01
1.684111105132546360e-01
1.675164434077129894e-01
1.581390557876029557e-01
1.436028025259312724e-01
1.390829100845442090e-01
1.474587551624647608e-01
1.547346143080909897e-01
1.665917040419386819e-01
1.761874621105130601e-01
1.819169893862127019e-01
1.813577630931347828e-01
1.780493055787797374e-01
1.769308212554490112e-01
1.796463128350610505e-01
1.861131821028977340e-01
1.882324296076065551e-01
1.915402643703960628e-01
