6.100804360316943731e-01
5.606471097130755719e-03
1.265540787879196457e-03
4.988702148603795959e-04
2.236885137909435642e-04
1.427460179048991532e-04
1.128601137470822694e-04
6.004527627396852443e-05
4.711300153576327110e-05
4.153365758056717070e-05
2.732023817768490032e-05
2.070124886492728626e-05
1.792177581793910705e-05
2.010374062373780125e-05
1.524444817302729844e-05
1.333476060126220616e-05
1.000963764376853091e-05
9.645255475295884870e-06
1.290781209952593743e-05
1.606693149650490127e-05
1.540271915595476713e-05
1.683932267683842747e-05
1.580468785228433037e-05
1.597244818817850759e-05
1.487523951318495131e-05
