1.696580168871203997e-01
7.625877066959869943e-02
5.773616835097770961e-02
3.845671247340747695e-02
2.738165893355970840e-02
2.280006746675827811e-02
1.677470082656088227e-02
1.397206861978776173e-02
1.476471965920932682e-02
1.903916440265383467e-02
2.092687088259862285e-02
2.253255474416144752e-02
2.343480434329093740e-02
2.179480119672413951e-02
1.867432617455468125e-02
1.864473693912150135e-02
2.267053668922335702e-02
2.471099724130354502e-02
1.829700560060981696e-02
2.059409529794848162e-02
2.201032062610787723e-02
2.055512995263564235e-02
