4.189274704878846040e-03
2.408943038926095778e-04
9.805436151256278501e-05
3.548401115342596901e-05
1.887316508788369854e-05
1.565008257305749626e-05
1.746165566899702951e-05
1.474058046086336862e-05
1.557053480910839120e-05
1.850331090197333741e-05
1.999626573474438937e-05
1.977446796932822644e-05
2.172789207166576418e-05
2.002431573000393273e-05
1.624194900732007753e-05
1.572014122813154390e-05
1.966219307270128890e-05
2.173896479284978571e-05
1.695080425146118641e-05
1.806117991330573512e-05
1.738497254111031907e-05
1.675088463932294388e-05
