5.462910519963192435e+00
1.147023505546643118e+00
8.139730874586785792e-01
6.168453300443971221e-01
4.513574743580137105e-01
3.597172798674962424e-01
2.502003716251859911e-01
1.144264593236206107e-01
8.299903907566338890e-02
6.219492948649955888e-02
4.264240103720243896e-02
3.087568645519400690e-02
2.677673438757109323e-02
2.642089849294282020e-02
2.110200487419963342e-02
1.836370897526604443e-02
1.585979714764988724e-02
1.940663689770597694e-02
2.881912954779036751e-02
2.715311992789650256e-02
2.537201675464917719e-02
1.906391875871836505e-02
1.990626425078021941e-02
2.072454083160590876e-02
2.029891119549177836e-02
