1.637679629999186370e-01
2.432287308418776828e-01
9.856739698014634066e-02
2.176360656970999577e-02
4.139589620227954875e-02
1.825571355246620453e-02
2.782845939441370986e-02
2.160748196169036406e-02
7.322973463590742166e-03
7.832264597378827201e-03
1.091406995754447967e-02
1.545967254379094179e-02
1.646680910438053438e-02
5.286048952642018010e-03
6.072758015408317132e-03
3.289640872993743626e-03
1.089452027951282563e-02
9.039900280410030284e-03
6.067572737168929441e-03
7.150044931796791133e-03
1.537822395724696735e-02
1.910890337497858985e-02
