7.107664398276369866e-03
1.443294366908265403e-03
5.474792386911397912e-04
-1.532901832279887078e-03
-1.123362764755608811e-03
-1.044440236457000459e-03
-9.924755357706982473e-04
-6.058419035843698452e-04
1.501727874162472887e-04
2.571677556428286771e-04
1.578997370321744143e-05
1.355865037395709294e-04
-1.793571124043547016e-04
-4.336857484010803176e-05
5.555775435539533902e-06
1.644180437537778872e-04
-1.681353142124475397e-05
5.448310874117678893e-05
-1.158784611275942567e-04
-1.096223292737508181e-04
-3.380304808485168344e-04
-3.541344634043763762e-04
