-7.704744262004045652e+01
-8.205669542346969081e+01
-8.853382190663666051e+01
-9.488026122388967565e+01
-9.620421864306419479e+01
-1.001052590154290698e+02
-1.063135977843999598e+02
-1.110179668759117959e+02
-1.165473952158372413e+02
-1.240954455703956540e+02
-1.304874906053638313e+02
-1.355582320254171691e+02
-1.402452133343972207e+02
-1.452656465835268591e+02
-1.504652862764943961e+02
-1.561742159346308085e+02
-1.608163688411676731e+02
-1.647545273096041853e+02
-1.693582044550034595e+02
-1.735818091201116999e+02
-1.784713497758132235e+02
-1.836171490855702189e+02
-1.889749974562733428e+02
-1.945528554109343418e+02
-1.976080040727605933e+02
-2.018695902773290527e+02
-2.055403483398221738e+02
-2.093856836824587049e+02
-2.127695731397205634e+02
-2.181185407799713403e+02
-2.222595012117882618e+02
-2.292530428259898088e+02
-2.326463436762598462e+02
-2.381792552816424688e+02
-2.434740960831731513e+02
-2.485333249807276275e+02
-2.522973361731319244e+02
-2.581435843300050692e+02
-2.618308521510620039e+02
-2.671521605106443644e+02
