-1.483647216091262777e+01
-1.497943592549507663e+01
-1.500890691345250438e+01
-1.504519637830443379e+01
-1.500349853435791658e+01
-1.499183219712944748e+01
-1.498502618646721096e+01
-1.497326666581440513e+01
-1.497401813942757443e+01
-1.498458776428767258e+01
-1.498862227480278086e+01
-1.498177209651582409e+01
-1.498646292144450243e+01
-1.500326620019387036e+01
-1.500075250893224599e+01
-1.499189880906460104e+01
-1.499097585467114691e+01
-1.498655034585376988e+01
-1.497698562601164340e+01
-1.498517729990152958e+01
-1.499389336052012212e+01
-1.500722870134710973e+01
-1.501766958099617355e+01
-1.500319206913030001e+01
-1.501459699724346741e+01
-1.500022561433903334e+01
-1.498497974107273834e+01
