-8.521245671751387363e-03
-7.885037609916878409e-03
3.511743097599051566e-03
6.035129732341104614e-03
4.074733201386404602e-03
2.085406358065200472e-03
1.162652853067935865e-03
6.384064114457466133e-04
8.850702419649358887e-05
3.216793156901598394e-05
-1.329899559276981336e-05
-2.386515745398387622e-04
-1.824083369561524393e-04
1.559468985425360721e-04
1.738768861954120837e-04
2.808035165656197485e-04
4.233161072310642759e-04
2.646421861161041278e-04
1.135240984729835034e-04
3.559176972411925988e-05
-2.122344790037589135e-04
-2.035886599325298363e-04
