3.000000000000000000e+02
3.000000000000000000e+02
3.000000000000000000e+02
3.000000000000000000e+02
3.000000000000000000e+02
3.000000000000000000e+02
3.000000000000000000e+02
3.000000000000000000e+02
3.000000000000000000e+02
3.000000000000000000e+02
3.000000000000000000e+02
3.000000000000000000e+02
3.000000000000000000e+02
3.000000000000000000e+02
3.000000000000000000e+02
3.000000000000000000e+02
3.000000000000000000e+02
3.000000000000000000e+02
3.000000000000000000e+02
3.000000000000000000e+02
3.000000000000000000e+02
3.000000000000000000e+02
3.000000000000000000e+02
3.000000000000000000e+02
3.000000000000000000e+02
3.000000000000000000e+02
3.000000000000000000e+02
3.000000000000000000e+02
3.000000000000000000e+02
3.000000000000000000e+02
3.000000000000000000e+02
3.000000000000000000e+02
3.000000000000000000e+02
3.000000000000000000e+02
3.000000000000000000e+02
3.000000000000000000e+02
3.000000000000000000e+02
3.000000000000000000e+02
3.000000000000000000e+02
3.000000000000000000e+02
3.000000000000000000e+02
3.000000000000000000e+02
3.000000000000000000e+02
3.000000000000000000e+02
3.000000000000000000e+02
3.000000000000000000e+02
3.000000000000000000e+02
3.000000000000000000e+02
3.000000000000000000e+02
3.000000000000000000e+02
3.000000000000000000e+02
3.000000000000000000e+02
3.000000000000000000e+02
3.000000000000000000e+02
3.000000000000000000e+02
3.000000000000000000e+02
3.000000000000000000e+02
3.000000000000000000e+02
3.000000000000000000e+02
3.000000000000000000e+02
3.000000000000000000e+02
3.000000000000000000e+02
3.000000000000000000e+02
3.000000000000000000e+02
3.000000000000000000e+02
3.000000000000000000e+02
3.000000000000000000e+02
3.000000000000000000e+02
3.000000000000000000e+02
3.000000000000000000e+02
3.000000000000000000e+02
3.000000000000000000e+02
3.000000000000000000e+02
3.000000000000000000e+02
3.000000000000000000e+02
3.000000000000000000e+02
3.000000000000000000e+02
3.000000000000000000e+02
3.000000000000000000e+02
3.000000000000000000e+02
3.000000000000000000e+02
3.000000000000000000e+02
3.000000000000000000e+02
3.000000000000000000e+02
3.000000000000000000e+02
3.000000000000000000e+02
3.000000000000000000e+02
3.000000000000000000e+02
3.000000000000000000e+02
3.000000000000000000e+02
3.000000000000000000e+02
3.000000000000000000e+02
3.000000000000000000e+02
3.000000000000000000e+02
3.000000000000000000e+02
3.000000000000000000e+02
3.000000000000000000e+02
3.000000000000000000e+02
3.000000000000000000e+02
3.000000000000000000e+02
3.000000000000000000e+02
3.001000000014901161e+02
3.001000000014901161e+02
3.001000000014901161e+02
3.001000000014901161e+02
3.001000000014901161e+02
3.001000000014901161e+02
3.001000000014901161e+02
3.001000000014901161e+02
3.001000000014901161e+02
3.001000000014901161e+02
3.001000000014901161e+02
3.001000000014901161e+02
3.001000000014901161e+02
3.001000000014901161e+02
3.001000000014901161e+02
3.001000000014901161e+02
3.001000000014901161e+02
3.001000000014901161e+02
3.001000000014901161e+02
3.001000000014901161e+02
3.001000000014901161e+02
3.001000000014901161e+02
3.001000000014901161e+02
3.001000000014901161e+02
3.001000000014901161e+02
3.001000000014901161e+02
3.001000000014901161e+02
3.001000000014901161e+02
3.001000000014901161e+02
3.001000000014901161e+02
3.001000000014901161e+02
3.001000000014901161e+02
3.002000000029802322e+02
3.002000000029802322e+02
3.002000000029802322e+02
3.002000000029802322e+02
3.002000000029802322e+02
3.002000000029802322e+02
3.002000000029802322e+02
3.002000000029802322e+02
3.002000000029802322e+02
3.002000000029802322e+02
3.002000000029802322e+02
3.002000000029802322e+02
3.002000000029802322e+02
3.002000000029802322e+02
3.002000000029802322e+02
3.002000000029802322e+02
3.002000000029802322e+02
3.002000000029802322e+02
3.002000000029802322e+02
3.002000000029802322e+02
3.003000000044703484e+02
3.003000000044703484e+02
3.003000000044703484e+02
3.003000000044703484e+02
3.003000000044703484e+02
3.003000000044703484e+02
3.003000000044703484e+02
3.003000000044703484e+02
3.003000000044703484e+02
3.003000000044703484e+02
3.003000000044703484e+02
3.003000000044703484e+02
3.003000000044703484e+02
3.003000000044703484e+02
3.003000000044703484e+02
3.003000000044703484e+02
3.003000000044703484e+02
3.003000000044703484e+02
3.003000000044703484e+02
3.003000000044703484e+02
3.003000000044703484e+02
3.003000000044703484e+02
3.003000000044703484e+02
3.003000000044703484e+02
3.003000000044703484e+02
3.003000000044703484e+02
3.003000000044703484e+02
3.003000000044703484e+02
3.004000000059604645e+02
3.004000000059604645e+02
3.004000000059604645e+02
3.004000000059604645e+02
3.004000000059604645e+02
3.004000000059604645e+02
3.004000000059604645e+02
3.004000000059604645e+02
3.004000000059604645e+02
3.004000000059604645e+02
3.004000000059604645e+02
3.004000000059604645e+02
3.004000000059604645e+02
3.004000000059604645e+02
3.004000000059604645e+02
3.004000000059604645e+02
3.004000000059604645e+02
3.004000000059604645e+02
3.004000000059604645e+02
3.004000000059604645e+02
3.004000000059604645e+02
3.004000000059604645e+02
3.004000000059604645e+02
3.004000000059604645e+02
3.004000000059604645e+02
3.004000000059604645e+02
3.004000000059604645e+02
3.004000000059604645e+02
3.004000000059604645e+02
3.004000000059604645e+02
3.004000000059604645e+02
3.004000000059604645e+02
3.004000000059604645e+02
3.004000000059604645e+02
3.004000000059604645e+02
3.004000000059604645e+02
3.004000000059604645e+02
3.004000000059604645e+02
3.004000000059604645e+02
3.004000000059604645e+02
3.005000000074505806e+02
3.005000000074505806e+02
3.005000000074505806e+02
3.005000000074505806e+02
3.005000000074505806e+02
3.005000000074505806e+02
3.005000000074505806e+02
3.005000000074505806e+02
3.005000000074505806e+02
3.005000000074505806e+02
3.005000000074505806e+02
3.005000000074505806e+02
3.005000000074505806e+02
3.005000000074505806e+02
3.005000000074505806e+02
3.005000000074505806e+02
3.005000000074505806e+02
3.005000000074505806e+02
3.005000000074505806e+02
3.005000000074505806e+02
3.005000000074505806e+02
3.005000000074505806e+02
3.005000000074505806e+02
3.005000000074505806e+02
3.005000000074505806e+02
3.005000000074505806e+02
3.005000000074505806e+02
3.005000000074505806e+02
3.005000000074505806e+02
3.005000000074505806e+02
3.005000000074505806e+02
3.005000000074505806e+02
3.005000000074505806e+02
3.005000000074505806e+02
3.005000000074505806e+02
3.005000000074505806e+02
3.005000000074505806e+02
3.005000000074505806e+02
3.005000000074505806e+02
3.005000000074505806e+02
3.005000000074505806e+02
3.005000000074505806e+02
3.005000000074505806e+02
3.005000000074505806e+02
3.005000000074505806e+02
3.005000000074505806e+02
3.005000000074505806e+02
3.005000000074505806e+02
3.005000000074505806e+02
3.005000000074505806e+02
3.005000000074505806e+02
3.005000000074505806e+02
3.005000000074505806e+02
3.005000000074505806e+02
3.005000000074505806e+02
3.005000000074505806e+02
3.005000000074505806e+02
3.005000000074505806e+02
3.005000000074505806e+02
3.005000000074505806e+02
3.005000000074505806e+02
3.005000000074505806e+02
3.005000000074505806e+02
3.005000000074505806e+02
3.005000000074505806e+02
3.005000000074505806e+02
3.005000000074505806e+02
3.005000000074505806e+02
3.005000000074505806e+02
3.005000000074505806e+02
3.005000000074505806e+02
3.005000000074505806e+02
3.005000000074505806e+02
3.005000000074505806e+02
3.006000000089406967e+02
3.006000000089406967e+02
3.006000000089406967e+02
3.006000000089406967e+02
3.006000000089406967e+02
3.006000000089406967e+02
3.006000000089406967e+02
3.006000000089406967e+02
3.006000000089406967e+02
3.006000000089406967e+02
3.006000000089406967e+02
3.006000000089406967e+02
3.006000000089406967e+02
3.006000000089406967e+02
3.006000000089406967e+02
3.006000000089406967e+02
3.006000000089406967e+02
3.006000000089406967e+02
3.006000000089406967e+02
3.006000000089406967e+02
3.006000000089406967e+02
3.006000000089406967e+02
3.006000000089406967e+02
3.006000000089406967e+02
3.006000000089406967e+02
3.006000000089406967e+02
3.006000000089406967e+02
3.007000000104308128e+02
3.007000000104308128e+02
3.007000000104308128e+02
3.007000000104308128e+02
3.007000000104308128e+02
3.007000000104308128e+02
3.007000000104308128e+02
3.007000000104308128e+02
3.007000000104308128e+02
3.007000000104308128e+02
3.007000000104308128e+02
3.007000000104308128e+02
3.007000000104308128e+02
3.007000000104308128e+02
3.007000000104308128e+02
3.008000000119209290e+02
3.008000000119209290e+02
3.009000000134110451e+02
3.010000000149011612e+02
3.010000000149011612e+02
3.010000000149011612e+02
3.011000000163912773e+02
3.011000000163912773e+02
3.011000000163912773e+02
3.011000000163912773e+02
3.011000000163912773e+02
3.011000000163912773e+02
3.011000000163912773e+02
3.011000000163912773e+02
3.011000000163912773e+02
3.011000000163912773e+02
3.011000000163912773e+02
3.011000000163912773e+02
3.011000000163912773e+02
3.011000000163912773e+02
3.011000000163912773e+02
3.011000000163912773e+02
3.011000000163912773e+02
3.011000000163912773e+02
3.011000000163912773e+02
3.011000000163912773e+02
3.011000000163912773e+02
3.011000000163912773e+02
3.011000000163912773e+02
3.011000000163912773e+02
3.011000000163912773e+02
3.011000000163912773e+02
3.011000000163912773e+02
3.011000000163912773e+02
3.011000000163912773e+02
3.011000000163912773e+02
3.011000000163912773e+02
3.012000000178813934e+02
3.012000000178813934e+02
3.012000000178813934e+02
3.012000000178813934e+02
3.012000000178813934e+02
3.012000000178813934e+02
3.012000000178813934e+02
3.012000000178813934e+02
3.012000000178813934e+02
3.012000000178813934e+02
3.012000000178813934e+02
3.012000000178813934e+02
3.012000000178813934e+02
3.012000000178813934e+02
3.012000000178813934e+02
3.012000000178813934e+02
3.012000000178813934e+02
3.012000000178813934e+02
3.012000000178813934e+02
3.012000000178813934e+02
3.012000000178813934e+02
3.012000000178813934e+02
3.012000000178813934e+02
3.012000000178813934e+02
3.012000000178813934e+02
3.012000000178813934e+02
3.012000000178813934e+02
3.012000000178813934e+02
3.012000000178813934e+02
3.012000000178813934e+02
3.012000000178813934e+02
3.012000000178813934e+02
3.012000000178813934e+02
3.012000000178813934e+02
3.012000000178813934e+02
3.012000000178813934e+02
3.012000000178813934e+02
3.012000000178813934e+02
3.012000000178813934e+02
3.012000000178813934e+02
3.012000000178813934e+02
3.012000000178813934e+02
3.012000000178813934e+02
3.012000000178813934e+02
3.012000000178813934e+02
3.012000000178813934e+02
3.012000000178813934e+02
3.012000000178813934e+02
3.012000000178813934e+02
3.012000000178813934e+02
3.012000000178813934e+02
3.012000000178813934e+02
3.012000000178813934e+02
3.012000000178813934e+02
3.012000000178813934e+02
3.012000000178813934e+02
3.012000000178813934e+02
3.012000000178813934e+02
3.012000000178813934e+02
3.012000000178813934e+02
3.012000000178813934e+02
3.012000000178813934e+02
3.012000000178813934e+02
3.012000000178813934e+02
3.012000000178813934e+02
3.012000000178813934e+02
3.012000000178813934e+02
3.012000000178813934e+02
3.012000000178813934e+02
3.012000000178813934e+02
3.012000000178813934e+02
3.012000000178813934e+02
3.012000000178813934e+02
3.012000000178813934e+02
3.012000000178813934e+02
3.012000000178813934e+02
3.012000000178813934e+02
3.012000000178813934e+02
3.012000000178813934e+02
3.012000000178813934e+02
3.013000000193715096e+02
3.013000000193715096e+02
3.013000000193715096e+02
3.013000000193715096e+02
3.013000000193715096e+02
3.013000000193715096e+02
3.013000000193715096e+02
3.013000000193715096e+02
3.013000000193715096e+02
3.013000000193715096e+02
3.013000000193715096e+02
3.013000000193715096e+02
3.013000000193715096e+02
3.013000000193715096e+02
3.013000000193715096e+02
3.013000000193715096e+02
3.013000000193715096e+02
3.013000000193715096e+02
3.013000000193715096e+02
3.013000000193715096e+02
3.013000000193715096e+02
3.013000000193715096e+02
3.013000000193715096e+02
3.013000000193715096e+02
3.013000000193715096e+02
3.013000000193715096e+02
3.013000000193715096e+02
3.013000000193715096e+02
3.013000000193715096e+02
3.013000000193715096e+02
3.013000000193715096e+02
3.013000000193715096e+02
3.013000000193715096e+02
3.013000000193715096e+02
3.013000000193715096e+02
3.013000000193715096e+02
3.013000000193715096e+02
3.013000000193715096e+02
3.013000000193715096e+02
3.013000000193715096e+02
3.013000000193715096e+02
3.013000000193715096e+02
3.013000000193715096e+02
3.013000000193715096e+02
3.013000000193715096e+02
3.013000000193715096e+02
3.013000000193715096e+02
3.013000000193715096e+02
3.014000000208616257e+02
3.014000000208616257e+02
3.014000000208616257e+02
3.014000000208616257e+02
3.014000000208616257e+02
3.014000000208616257e+02
3.014000000208616257e+02
3.014000000208616257e+02
3.014000000208616257e+02
3.014000000208616257e+02
3.014000000208616257e+02
3.014000000208616257e+02
3.014000000208616257e+02
3.014000000208616257e+02
3.014000000208616257e+02
3.014000000208616257e+02
3.014000000208616257e+02
3.014000000208616257e+02
3.014000000208616257e+02
3.014000000208616257e+02
3.014000000208616257e+02
3.014000000208616257e+02
3.014000000208616257e+02
3.014000000208616257e+02
3.014000000208616257e+02
3.014000000208616257e+02
3.014000000208616257e+02
3.014000000208616257e+02
3.014000000208616257e+02
3.014000000208616257e+02
3.014000000208616257e+02
3.014000000208616257e+02
3.015000000223517418e+02
3.015000000223517418e+02
3.015000000223517418e+02
3.015000000223517418e+02
3.015000000223517418e+02
3.015000000223517418e+02
3.015000000223517418e+02
3.015000000223517418e+02
3.015000000223517418e+02
3.015000000223517418e+02
3.015000000223517418e+02
3.015000000223517418e+02
3.015000000223517418e+02
3.015000000223517418e+02
3.015000000223517418e+02
3.015000000223517418e+02
3.015000000223517418e+02
3.015000000223517418e+02
3.015000000223517418e+02
3.015000000223517418e+02
3.015000000223517418e+02
3.015000000223517418e+02
3.015000000223517418e+02
3.015000000223517418e+02
3.015000000223517418e+02
3.015000000223517418e+02
3.015000000223517418e+02
3.015000000223517418e+02
3.015000000223517418e+02
3.015000000223517418e+02
3.015000000223517418e+02
3.015000000223517418e+02
3.015000000223517418e+02
3.015000000223517418e+02
3.015000000223517418e+02
3.015000000223517418e+02
3.015000000223517418e+02
3.015000000223517418e+02
3.015000000223517418e+02
3.015000000223517418e+02
3.015000000223517418e+02
3.015000000223517418e+02
3.015000000223517418e+02
3.016000000238418579e+02
3.016000000238418579e+02
3.016000000238418579e+02
3.016000000238418579e+02
3.016000000238418579e+02
3.016000000238418579e+02
3.017000000253319740e+02
3.017000000253319740e+02
3.017000000253319740e+02
3.017000000253319740e+02
3.017000000253319740e+02
3.017000000253319740e+02
3.017000000253319740e+02
3.017000000253319740e+02
3.017000000253319740e+02
3.017000000253319740e+02
3.017000000253319740e+02
3.017000000253319740e+02
3.017000000253319740e+02
3.017000000253319740e+02
3.017000000253319740e+02
3.017000000253319740e+02
3.017000000253319740e+02
3.017000000253319740e+02
3.017000000253319740e+02
3.017000000253319740e+02
3.017000000253319740e+02
3.017000000253319740e+02
3.017000000253319740e+02
3.017000000253319740e+02
3.017000000253319740e+02
3.018000000268220901e+02
3.018000000268220901e+02
3.018000000268220901e+02
3.018000000268220901e+02
3.018000000268220901e+02
3.018000000268220901e+02
3.018000000268220901e+02
3.018000000268220901e+02
3.018000000268220901e+02
3.018000000268220901e+02
3.018000000268220901e+02
3.018000000268220901e+02
3.018000000268220901e+02
3.018000000268220901e+02
3.018000000268220901e+02
3.018000000268220901e+02
3.018000000268220901e+02
3.018000000268220901e+02
3.018000000268220901e+02
3.018000000268220901e+02
3.018000000268220901e+02
3.018000000268220901e+02
3.018000000268220901e+02
3.018000000268220901e+02
3.018000000268220901e+02
3.018000000268220901e+02
3.018000000268220901e+02
3.018000000268220901e+02
3.018000000268220901e+02
3.018000000268220901e+02
3.018000000268220901e+02
3.018000000268220901e+02
3.018000000268220901e+02
3.018000000268220901e+02
3.018000000268220901e+02
3.018000000268220901e+02
3.018000000268220901e+02
3.018000000268220901e+02
3.018000000268220901e+02
3.018000000268220901e+02
3.018000000268220901e+02
3.018000000268220901e+02
3.018000000268220901e+02
3.018000000268220901e+02
3.018000000268220901e+02
3.018000000268220901e+02
3.018000000268220901e+02
3.018000000268220901e+02
3.018000000268220901e+02
3.018000000268220901e+02
3.018000000268220901e+02
3.018000000268220901e+02
3.018000000268220901e+02
3.018000000268220901e+02
3.018000000268220901e+02
3.018000000268220901e+02
3.018000000268220901e+02
3.018000000268220901e+02
3.018000000268220901e+02
3.018000000268220901e+02
3.018000000268220901e+02
3.018000000268220901e+02
3.018000000268220901e+02
3.018000000268220901e+02
3.018000000268220901e+02
3.018000000268220901e+02
3.018000000268220901e+02
3.018000000268220901e+02
3.018000000268220901e+02
3.018000000268220901e+02
3.018000000268220901e+02
3.018000000268220901e+02
3.019000000283122063e+02
3.019000000283122063e+02
3.019000000283122063e+02
3.019000000283122063e+02
3.019000000283122063e+02
3.019000000283122063e+02
3.019000000283122063e+02
3.020000000298023224e+02
3.020000000298023224e+02
3.020000000298023224e+02
3.020000000298023224e+02
3.020000000298023224e+02
3.020000000298023224e+02
3.021000000312924385e+02
3.021000000312924385e+02
3.022000000327825546e+02
3.022000000327825546e+02
3.022000000327825546e+02
3.022000000327825546e+02
3.022000000327825546e+02
3.022000000327825546e+02
3.023000000342726707e+02
3.024000000357627869e+02
3.025000000372529030e+02
3.025000000372529030e+02
3.025000000372529030e+02
3.026000000387430191e+02
3.027000000402331352e+02
3.027000000402331352e+02
3.027000000402331352e+02
3.027000000402331352e+02
3.027000000402331352e+02
3.027000000402331352e+02
3.027000000402331352e+02
3.027000000402331352e+02
3.028000000417232513e+02
3.028000000417232513e+02
3.028000000417232513e+02
3.028000000417232513e+02
3.028000000417232513e+02
3.028000000417232513e+02
3.028000000417232513e+02
3.028000000417232513e+02
3.028000000417232513e+02
3.028000000417232513e+02
3.028000000417232513e+02
3.028000000417232513e+02
3.028000000417232513e+02
3.029000000432133675e+02
3.029000000432133675e+02
3.029000000432133675e+02
3.029000000432133675e+02
3.029000000432133675e+02
3.029000000432133675e+02
3.029000000432133675e+02
3.030000000447034836e+02
3.031000000461935997e+02
3.031000000461935997e+02
3.031000000461935997e+02
3.031000000461935997e+02
3.031000000461935997e+02
3.031000000461935997e+02
3.031000000461935997e+02
3.031000000461935997e+02
3.031000000461935997e+02
3.031000000461935997e+02
3.031000000461935997e+02
3.032000000476837158e+02
3.032000000476837158e+02
3.032000000476837158e+02
3.032000000476837158e+02
3.032000000476837158e+02
3.032000000476837158e+02
3.032000000476837158e+02
3.032000000476837158e+02
3.032000000476837158e+02
3.032000000476837158e+02
3.032000000476837158e+02
3.032000000476837158e+02
3.032000000476837158e+02
3.033000000491738319e+02
3.034000000506639481e+02
3.035000000521540642e+02
3.036000000536441803e+02
3.037000000551342964e+02
3.037000000551342964e+02
3.037000000551342964e+02
3.037000000551342964e+02
3.037000000551342964e+02
3.037000000551342964e+02
3.037000000551342964e+02
3.038000000566244125e+02
3.038000000566244125e+02
3.038000000566244125e+02
3.038000000566244125e+02
3.038000000566244125e+02
3.039000000581145287e+02
3.039000000581145287e+02
3.039000000581145287e+02
3.039000000581145287e+02
3.039000000581145287e+02
3.039000000581145287e+02
3.039000000581145287e+02
3.039000000581145287e+02
3.039000000581145287e+02
3.039000000581145287e+02
3.039000000581145287e+02
3.039000000581145287e+02
3.039000000581145287e+02
3.039000000581145287e+02
3.039000000581145287e+02
3.039000000581145287e+02
3.039000000581145287e+02
3.039000000581145287e+02
3.039000000581145287e+02
3.039000000581145287e+02
3.039000000581145287e+02
3.039000000581145287e+02
3.039000000581145287e+02
3.039000000581145287e+02
3.039000000581145287e+02
3.039000000581145287e+02
3.039000000581145287e+02
3.039000000581145287e+02
3.039000000581145287e+02
3.039000000581145287e+02
3.039000000581145287e+02
3.039000000581145287e+02
3.039000000581145287e+02
3.039000000581145287e+02
3.039000000581145287e+02
3.039000000581145287e+02
3.039000000581145287e+02
3.039000000581145287e+02
3.039000000581145287e+02
3.039000000581145287e+02
3.039000000581145287e+02
3.039000000581145287e+02
3.039000000581145287e+02
3.039000000581145287e+02
3.039000000581145287e+02
3.039000000581145287e+02
3.039000000581145287e+02
3.039000000581145287e+02
3.039000000581145287e+02
3.039000000581145287e+02
3.040000000596046448e+02
3.040000000596046448e+02
3.041000000610947609e+02
3.041000000610947609e+02
3.041000000610947609e+02
3.041000000610947609e+02
3.041000000610947609e+02
3.041000000610947609e+02
3.041000000610947609e+02
3.041000000610947609e+02
3.041000000610947609e+02
3.041000000610947609e+02
3.041000000610947609e+02
3.041000000610947609e+02
3.041000000610947609e+02
3.041000000610947609e+02
3.041000000610947609e+02
3.042000000625848770e+02
3.042000000625848770e+02
3.042000000625848770e+02
3.042000000625848770e+02
3.043000000640749931e+02
3.043000000640749931e+02
3.043000000640749931e+02
3.043000000640749931e+02
3.044000000655651093e+02
3.044000000655651093e+02
3.044000000655651093e+02
3.044000000655651093e+02
3.044000000655651093e+02
3.044000000655651093e+02
3.044000000655651093e+02
3.044000000655651093e+02
3.044000000655651093e+02
3.044000000655651093e+02
3.044000000655651093e+02
3.044000000655651093e+02
3.044000000655651093e+02
3.044000000655651093e+02
3.045000000670552254e+02
3.045000000670552254e+02
3.045000000670552254e+02
3.045000000670552254e+02
3.045000000670552254e+02
3.045000000670552254e+02
3.045000000670552254e+02
3.045000000670552254e+02
3.045000000670552254e+02
3.045000000670552254e+02
3.045000000670552254e+02
3.045000000670552254e+02
3.045000000670552254e+02
3.045000000670552254e+02
3.045000000670552254e+02
3.045000000670552254e+02
3.045000000670552254e+02
3.046000000685453415e+02
3.046000000685453415e+02
3.046000000685453415e+02
3.046000000685453415e+02
3.046000000685453415e+02
3.046000000685453415e+02
3.047000000700354576e+02
3.048000000715255737e+02
3.048000000715255737e+02
3.048000000715255737e+02
3.049000000730156898e+02
3.050000000745058060e+02
3.050000000745058060e+02
3.051000000759959221e+02
3.052000000774860382e+02
3.052000000774860382e+02
3.052000000774860382e+02
3.052000000774860382e+02
3.053000000789761543e+02
3.053000000789761543e+02
3.053000000789761543e+02
3.053000000789761543e+02
3.053000000789761543e+02
3.053000000789761543e+02
3.054000000804662704e+02
3.054000000804662704e+02
3.054000000804662704e+02
3.055000000819563866e+02
3.055000000819563866e+02
3.055000000819563866e+02
3.055000000819563866e+02
3.055000000819563866e+02
3.055000000819563866e+02
3.055000000819563866e+02
3.055000000819563866e+02
3.055000000819563866e+02
3.055000000819563866e+02
3.055000000819563866e+02
3.056000000834465027e+02
3.056000000834465027e+02
3.057000000849366188e+02
3.058000000864267349e+02
3.058000000864267349e+02
3.058000000864267349e+02
3.058000000864267349e+02
3.058000000864267349e+02
3.058000000864267349e+02
3.058000000864267349e+02
3.058000000864267349e+02
3.059000000879168510e+02
3.059000000879168510e+02
3.059000000879168510e+02
3.060000000894069672e+02
3.060000000894069672e+02
3.060000000894069672e+02
3.060000000894069672e+02
3.060000000894069672e+02
3.060000000894069672e+02
3.060000000894069672e+02
3.060000000894069672e+02
3.060000000894069672e+02
3.060000000894069672e+02
3.060000000894069672e+02
3.060000000894069672e+02
3.060000000894069672e+02
3.060000000894069672e+02
3.060000000894069672e+02
3.060000000894069672e+02
3.060000000894069672e+02
3.060000000894069672e+02
3.060000000894069672e+02
3.060000000894069672e+02
3.060000000894069672e+02
3.060000000894069672e+02
3.060000000894069672e+02
3.060000000894069672e+02
3.060000000894069672e+02
3.060000000894069672e+02
3.060000000894069672e+02
3.060000000894069672e+02
3.061000000908970833e+02
3.061000000908970833e+02
3.061000000908970833e+02
3.061000000908970833e+02
3.061000000908970833e+02
3.061000000908970833e+02
3.061000000908970833e+02
3.061000000908970833e+02
3.062000000923871994e+02
3.062000000923871994e+02
3.062000000923871994e+02
3.062000000923871994e+02
3.062000000923871994e+02
3.062000000923871994e+02
3.062000000923871994e+02
3.062000000923871994e+02
3.062000000923871994e+02
3.062000000923871994e+02
3.063000000938773155e+02
3.063000000938773155e+02
3.063000000938773155e+02
3.063000000938773155e+02
3.063000000938773155e+02
3.063000000938773155e+02
3.063000000938773155e+02
3.063000000938773155e+02
3.063000000938773155e+02
3.063000000938773155e+02
3.063000000938773155e+02
3.063000000938773155e+02
3.063000000938773155e+02
3.063000000938773155e+02
3.063000000938773155e+02
3.063000000938773155e+02
3.063000000938773155e+02
3.063000000938773155e+02
3.063000000938773155e+02
3.063000000938773155e+02
3.063000000938773155e+02
3.063000000938773155e+02
3.063000000938773155e+02
3.063000000938773155e+02
3.063000000938773155e+02
3.063000000938773155e+02
3.063000000938773155e+02
3.063000000938773155e+02
3.063000000938773155e+02
3.063000000938773155e+02
3.063000000938773155e+02
3.063000000938773155e+02
3.063000000938773155e+02
3.063000000938773155e+02
3.063000000938773155e+02
3.063000000938773155e+02
3.063000000938773155e+02
3.063000000938773155e+02
3.064000000953674316e+02
3.064000000953674316e+02
3.064000000953674316e+02
3.064000000953674316e+02
3.064000000953674316e+02
3.064000000953674316e+02
3.064000000953674316e+02
3.064000000953674316e+02
3.065000000968575478e+02
3.065000000968575478e+02
3.065000000968575478e+02
3.065000000968575478e+02
3.065000000968575478e+02
3.065000000968575478e+02
3.065000000968575478e+02
3.065000000968575478e+02
3.065000000968575478e+02
3.065000000968575478e+02
3.065000000968575478e+02
3.065000000968575478e+02
3.065000000968575478e+02
3.065000000968575478e+02
3.065000000968575478e+02
3.065000000968575478e+02
3.065000000968575478e+02
3.065000000968575478e+02
3.066000000983476639e+02
3.066000000983476639e+02
3.066000000983476639e+02
3.066000000983476639e+02
3.066000000983476639e+02
3.066000000983476639e+02
3.066000000983476639e+02
3.066000000983476639e+02
3.066000000983476639e+02
3.066000000983476639e+02
3.066000000983476639e+02
3.066000000983476639e+02
3.066000000983476639e+02
3.066000000983476639e+02
3.066000000983476639e+02
3.066000000983476639e+02
3.067000000998377800e+02
3.067000000998377800e+02
3.068000001013278961e+02
3.068000001013278961e+02
3.069000001028180122e+02
3.069000001028180122e+02
3.070000001043081284e+02
3.071000001057982445e+02
3.071000001057982445e+02
3.072000001072883606e+02
3.072000001072883606e+02
3.072000001072883606e+02
3.073000001087784767e+02
3.074000001102685928e+02
3.074000001102685928e+02
3.074000001102685928e+02
3.074000001102685928e+02
3.074000001102685928e+02
3.074000001102685928e+02
3.074000001102685928e+02
3.074000001102685928e+02
3.074000001102685928e+02
3.074000001102685928e+02
3.074000001102685928e+02
3.074000001102685928e+02
3.074000001102685928e+02
3.074000001102685928e+02
3.074000001102685928e+02
3.074000001102685928e+02
3.074000001102685928e+02
3.074000001102685928e+02
3.075000001117587090e+02
3.075000001117587090e+02
3.075000001117587090e+02
3.075000001117587090e+02
3.075000001117587090e+02
3.076000001132488251e+02
3.076000001132488251e+02
3.076000001132488251e+02
3.076000001132488251e+02
3.077000001147389412e+02
3.077000001147389412e+02
3.077000001147389412e+02
3.078000001162290573e+02
3.078000001162290573e+02
3.078000001162290573e+02
3.078000001162290573e+02
3.079000001177191734e+02
3.080000001192092896e+02
3.080000001192092896e+02
3.080000001192092896e+02
3.080000001192092896e+02
3.080000001192092896e+02
3.081000001206994057e+02
3.081000001206994057e+02
3.081000001206994057e+02
3.081000001206994057e+02
3.081000001206994057e+02
3.081000001206994057e+02
3.081000001206994057e+02
3.081000001206994057e+02
3.081000001206994057e+02
3.081000001206994057e+02
3.081000001206994057e+02
3.081000001206994057e+02
3.081000001206994057e+02
3.082000001221895218e+02
3.082000001221895218e+02
3.082000001221895218e+02
3.082000001221895218e+02
3.082000001221895218e+02
3.082000001221895218e+02
3.082000001221895218e+02
3.083000001236796379e+02
3.083000001236796379e+02
3.083000001236796379e+02
3.084000001251697540e+02
3.084000001251697540e+02
3.085000001266598701e+02
3.085000001266598701e+02
3.085000001266598701e+02
3.085000001266598701e+02
3.085000001266598701e+02
3.085000001266598701e+02
3.085000001266598701e+02
3.085000001266598701e+02
3.085000001266598701e+02
3.085000001266598701e+02
3.085000001266598701e+02
3.085000001266598701e+02
3.085000001266598701e+02
3.085000001266598701e+02
3.085000001266598701e+02
3.085000001266598701e+02
3.085000001266598701e+02
3.085000001266598701e+02
3.085000001266598701e+02
3.085000001266598701e+02
3.085000001266598701e+02
3.085000001266598701e+02
3.085000001266598701e+02
3.085000001266598701e+02
3.085000001266598701e+02
3.085000001266598701e+02
3.085000001266598701e+02
3.085000001266598701e+02
3.085000001266598701e+02
3.085000001266598701e+02
3.085000001266598701e+02
3.085000001266598701e+02
3.085000001266598701e+02
3.085000001266598701e+02
3.085000001266598701e+02
3.085000001266598701e+02
3.085000001266598701e+02
3.085000001266598701e+02
3.085000001266598701e+02
3.085000001266598701e+02
3.085000001266598701e+02
3.085000001266598701e+02
3.085000001266598701e+02
3.085000001266598701e+02
3.085000001266598701e+02
3.085000001266598701e+02
3.085000001266598701e+02
3.085000001266598701e+02
3.085000001266598701e+02
3.085000001266598701e+02
3.085000001266598701e+02
3.085000001266598701e+02
3.085000001266598701e+02
3.085000001266598701e+02
3.085000001266598701e+02
3.085000001266598701e+02
3.085000001266598701e+02
3.085000001266598701e+02
3.085000001266598701e+02
3.085000001266598701e+02
3.085000001266598701e+02
3.085000001266598701e+02
3.085000001266598701e+02
3.085000001266598701e+02
3.085000001266598701e+02
3.085000001266598701e+02
3.085000001266598701e+02
3.085000001266598701e+02
3.086000001281499863e+02
3.086000001281499863e+02
3.087000001296401024e+02
3.087000001296401024e+02
3.087000001296401024e+02
3.087000001296401024e+02
3.087000001296401024e+02
3.087000001296401024e+02
3.087000001296401024e+02
3.087000001296401024e+02
3.088000001311302185e+02
3.088000001311302185e+02
3.088000001311302185e+02
3.088000001311302185e+02
3.089000001326203346e+02
3.089000001326203346e+02
3.089000001326203346e+02
3.089000001326203346e+02
3.089000001326203346e+02
3.090000001341104507e+02
3.090000001341104507e+02
3.090000001341104507e+02
3.090000001341104507e+02
3.090000001341104507e+02
3.090000001341104507e+02
3.090000001341104507e+02
3.090000001341104507e+02
3.090000001341104507e+02
3.090000001341104507e+02
3.090000001341104507e+02
3.090000001341104507e+02
3.091000001356005669e+02
3.091000001356005669e+02
3.091000001356005669e+02
3.091000001356005669e+02
3.091000001356005669e+02
3.091000001356005669e+02
3.092000001370906830e+02
3.093000001385807991e+02
3.093000001385807991e+02
3.093000001385807991e+02
3.093000001385807991e+02
3.093000001385807991e+02
3.093000001385807991e+02
3.093000001385807991e+02
3.094000001400709152e+02
3.094000001400709152e+02
3.094000001400709152e+02
3.094000001400709152e+02
3.094000001400709152e+02
3.094000001400709152e+02
3.094000001400709152e+02
3.094000001400709152e+02
3.094000001400709152e+02
3.094000001400709152e+02
3.094000001400709152e+02
3.094000001400709152e+02
3.094000001400709152e+02
3.094000001400709152e+02
3.094000001400709152e+02
3.095000001415610313e+02
3.095000001415610313e+02
3.095000001415610313e+02
3.096000001430511475e+02
3.097000001445412636e+02
3.097000001445412636e+02
3.097000001445412636e+02
3.097000001445412636e+02
3.097000001445412636e+02
3.097000001445412636e+02
3.097000001445412636e+02
3.097000001445412636e+02
3.097000001445412636e+02
3.097000001445412636e+02
3.098000001460313797e+02
3.098000001460313797e+02
3.098000001460313797e+02
3.098000001460313797e+02
3.099000001475214958e+02
3.100000001490116119e+02
3.100000001490116119e+02
3.100000001490116119e+02
3.100000001490116119e+02
3.100000001490116119e+02
3.100000001490116119e+02
3.101000001505017281e+02
3.101000001505017281e+02
3.102000001519918442e+02
3.102000001519918442e+02
3.102000001519918442e+02
3.102000001519918442e+02
3.102000001519918442e+02
3.102000001519918442e+02
3.103000001534819603e+02
3.103000001534819603e+02
3.104000001549720764e+02
3.104000001549720764e+02
3.104000001549720764e+02
3.104000001549720764e+02
3.104000001549720764e+02
3.104000001549720764e+02
3.104000001549720764e+02
3.104000001549720764e+02
3.104000001549720764e+02
3.104000001549720764e+02
3.104000001549720764e+02
3.104000001549720764e+02
3.104000001549720764e+02
3.104000001549720764e+02
3.104000001549720764e+02
3.104000001549720764e+02
3.104000001549720764e+02
3.104000001549720764e+02
3.104000001549720764e+02
3.104000001549720764e+02
3.104000001549720764e+02
3.104000001549720764e+02
3.104000001549720764e+02
3.104000001549720764e+02
3.104000001549720764e+02
3.104000001549720764e+02
3.104000001549720764e+02
3.104000001549720764e+02
3.105000001564621925e+02
3.105000001564621925e+02
3.105000001564621925e+02
3.105000001564621925e+02
3.105000001564621925e+02
3.106000001579523087e+02
3.106000001579523087e+02
3.106000001579523087e+02
3.106000001579523087e+02
3.106000001579523087e+02
3.106000001579523087e+02
3.106000001579523087e+02
3.106000001579523087e+02
3.106000001579523087e+02
3.106000001579523087e+02
3.106000001579523087e+02
3.106000001579523087e+02
3.106000001579523087e+02
3.106000001579523087e+02
3.106000001579523087e+02
3.106000001579523087e+02
3.106000001579523087e+02
3.106000001579523087e+02
3.106000001579523087e+02
3.106000001579523087e+02
3.106000001579523087e+02
3.106000001579523087e+02
3.106000001579523087e+02
3.107000001594424248e+02
3.107000001594424248e+02
3.107000001594424248e+02
3.107000001594424248e+02
3.107000001594424248e+02
3.107000001594424248e+02
3.107000001594424248e+02
3.107000001594424248e+02
3.107000001594424248e+02
3.107000001594424248e+02
3.107000001594424248e+02
3.107000001594424248e+02
3.108000001609325409e+02
3.108000001609325409e+02
3.108000001609325409e+02
3.108000001609325409e+02
3.108000001609325409e+02
3.109000001624226570e+02
3.109000001624226570e+02
3.109000001624226570e+02
3.109000001624226570e+02
3.109000001624226570e+02
3.109000001624226570e+02
3.109000001624226570e+02
3.109000001624226570e+02
3.109000001624226570e+02
3.109000001624226570e+02
3.109000001624226570e+02
3.109000001624226570e+02
3.109000001624226570e+02
3.109000001624226570e+02
3.109000001624226570e+02
3.109000001624226570e+02
3.109000001624226570e+02
3.109000001624226570e+02
3.109000001624226570e+02
3.109000001624226570e+02
3.109000001624226570e+02
3.109000001624226570e+02
3.109000001624226570e+02
3.109000001624226570e+02
3.109000001624226570e+02
3.109000001624226570e+02
3.109000001624226570e+02
3.109000001624226570e+02
3.109000001624226570e+02
3.109000001624226570e+02
3.109000001624226570e+02
3.110000001639127731e+02
3.110000001639127731e+02
3.110000001639127731e+02
3.110000001639127731e+02
3.110000001639127731e+02
3.110000001639127731e+02
3.111000001654028893e+02
3.111000001654028893e+02
3.112000001668930054e+02
3.112000001668930054e+02
3.112000001668930054e+02
3.112000001668930054e+02
3.112000001668930054e+02
3.112000001668930054e+02
3.112000001668930054e+02
3.112000001668930054e+02
3.112000001668930054e+02
3.112000001668930054e+02
3.112000001668930054e+02
3.112000001668930054e+02
3.112000001668930054e+02
3.112000001668930054e+02
3.112000001668930054e+02
3.112000001668930054e+02
3.112000001668930054e+02
3.112000001668930054e+02
3.112000001668930054e+02
3.112000001668930054e+02
3.112000001668930054e+02
3.112000001668930054e+02
3.112000001668930054e+02
3.112000001668930054e+02
3.112000001668930054e+02
3.112000001668930054e+02
3.112000001668930054e+02
3.112000001668930054e+02
3.112000001668930054e+02
3.112000001668930054e+02
3.112000001668930054e+02
3.112000001668930054e+02
3.112000001668930054e+02
3.112000001668930054e+02
3.112000001668930054e+02
3.112000001668930054e+02
3.112000001668930054e+02
3.112000001668930054e+02
3.112000001668930054e+02
3.112000001668930054e+02
3.112000001668930054e+02
3.112000001668930054e+02
3.113000001683831215e+02
3.113000001683831215e+02
3.113000001683831215e+02
3.113000001683831215e+02
3.113000001683831215e+02
3.113000001683831215e+02
3.113000001683831215e+02
3.113000001683831215e+02
3.113000001683831215e+02
3.113000001683831215e+02
3.114000001698732376e+02
3.114000001698732376e+02
3.114000001698732376e+02
3.114000001698732376e+02
3.114000001698732376e+02
3.114000001698732376e+02
3.114000001698732376e+02
3.114000001698732376e+02
3.114000001698732376e+02
3.114000001698732376e+02
3.114000001698732376e+02
3.114000001698732376e+02
3.114000001698732376e+02
3.114000001698732376e+02
3.114000001698732376e+02
3.115000001713633537e+02
3.116000001728534698e+02
3.116000001728534698e+02
3.116000001728534698e+02
3.116000001728534698e+02
3.117000001743435860e+02
3.117000001743435860e+02
3.118000001758337021e+02
3.118000001758337021e+02
3.118000001758337021e+02
3.118000001758337021e+02
3.118000001758337021e+02
3.118000001758337021e+02
3.118000001758337021e+02
3.118000001758337021e+02
3.119000001773238182e+02
3.119000001773238182e+02
3.119000001773238182e+02
3.119000001773238182e+02
3.119000001773238182e+02
3.119000001773238182e+02
3.119000001773238182e+02
3.119000001773238182e+02
3.119000001773238182e+02
3.119000001773238182e+02
3.120000001788139343e+02
3.120000001788139343e+02
3.120000001788139343e+02
3.120000001788139343e+02
3.121000001803040504e+02
3.121000001803040504e+02
3.121000001803040504e+02
3.122000001817941666e+02
3.122000001817941666e+02
3.122000001817941666e+02
3.122000001817941666e+02
3.122000001817941666e+02
3.123000001832842827e+02
3.124000001847743988e+02
3.124000001847743988e+02
3.124000001847743988e+02
3.124000001847743988e+02
3.124000001847743988e+02
3.124000001847743988e+02
3.124000001847743988e+02
3.124000001847743988e+02
3.124000001847743988e+02
3.124000001847743988e+02
3.124000001847743988e+02
3.124000001847743988e+02
3.124000001847743988e+02
3.124000001847743988e+02
3.124000001847743988e+02
3.124000001847743988e+02
3.124000001847743988e+02
3.124000001847743988e+02
3.125000001862645149e+02
3.125000001862645149e+02
3.125000001862645149e+02
3.125000001862645149e+02
3.126000001877546310e+02
3.126000001877546310e+02
3.126000001877546310e+02
3.126000001877546310e+02
3.126000001877546310e+02
3.126000001877546310e+02
3.126000001877546310e+02
3.126000001877546310e+02
3.126000001877546310e+02
3.126000001877546310e+02
3.126000001877546310e+02
3.127000001892447472e+02
3.127000001892447472e+02
3.127000001892447472e+02
3.127000001892447472e+02
3.127000001892447472e+02
3.127000001892447472e+02
3.127000001892447472e+02
3.127000001892447472e+02
3.127000001892447472e+02
3.127000001892447472e+02
3.127000001892447472e+02
3.127000001892447472e+02
3.127000001892447472e+02
3.127000001892447472e+02
3.128000001907348633e+02
3.128000001907348633e+02
3.128000001907348633e+02
3.128000001907348633e+02
3.128000001907348633e+02
3.128000001907348633e+02
3.129000001922249794e+02
3.129000001922249794e+02
3.129000001922249794e+02
3.129000001922249794e+02
3.129000001922249794e+02
3.129000001922249794e+02
3.129000001922249794e+02
3.129000001922249794e+02
3.129000001922249794e+02
3.129000001922249794e+02
3.129000001922249794e+02
3.129000001922249794e+02
3.129000001922249794e+02
3.129000001922249794e+02
3.129000001922249794e+02
3.130000001937150955e+02
3.130000001937150955e+02
3.130000001937150955e+02
3.130000001937150955e+02
3.130000001937150955e+02
3.130000001937150955e+02
3.131000001952052116e+02
3.131000001952052116e+02
3.131000001952052116e+02
3.131000001952052116e+02
3.131000001952052116e+02
3.131000001952052116e+02
3.131000001952052116e+02
3.131000001952052116e+02
3.131000001952052116e+02
3.131000001952052116e+02
3.131000001952052116e+02
3.131000001952052116e+02
3.131000001952052116e+02
3.131000001952052116e+02
3.131000001952052116e+02
3.131000001952052116e+02
3.131000001952052116e+02
3.131000001952052116e+02
3.131000001952052116e+02
3.131000001952052116e+02
3.131000001952052116e+02
3.131000001952052116e+02
3.131000001952052116e+02
3.131000001952052116e+02
3.131000001952052116e+02
3.131000001952052116e+02
3.131000001952052116e+02
3.131000001952052116e+02
3.131000001952052116e+02
3.131000001952052116e+02
3.131000001952052116e+02
3.131000001952052116e+02
3.131000001952052116e+02
3.131000001952052116e+02
3.131000001952052116e+02
3.131000001952052116e+02
3.131000001952052116e+02
3.132000001966953278e+02
3.132000001966953278e+02
3.133000001981854439e+02
3.133000001981854439e+02
3.133000001981854439e+02
3.133000001981854439e+02
3.133000001981854439e+02
3.133000001981854439e+02
3.134000001996755600e+02
3.135000002011656761e+02
3.135000002011656761e+02
3.135000002011656761e+02
3.135000002011656761e+02
3.135000002011656761e+02
3.135000002011656761e+02
3.135000002011656761e+02
3.135000002011656761e+02
3.136000002026557922e+02
3.136000002026557922e+02
3.136000002026557922e+02
3.136000002026557922e+02
3.136000002026557922e+02
3.136000002026557922e+02
3.136000002026557922e+02
3.136000002026557922e+02
3.136000002026557922e+02
3.137000002041459084e+02
3.137000002041459084e+02
3.137000002041459084e+02
3.137000002041459084e+02
3.137000002041459084e+02
3.137000002041459084e+02
3.137000002041459084e+02
3.137000002041459084e+02
3.137000002041459084e+02
3.137000002041459084e+02
3.137000002041459084e+02
3.137000002041459084e+02
3.137000002041459084e+02
3.137000002041459084e+02
3.137000002041459084e+02
3.137000002041459084e+02
3.137000002041459084e+02
3.137000002041459084e+02
3.137000002041459084e+02
3.137000002041459084e+02
3.137000002041459084e+02
3.137000002041459084e+02
3.137000002041459084e+02
3.137000002041459084e+02
3.137000002041459084e+02
3.137000002041459084e+02
3.137000002041459084e+02
3.137000002041459084e+02
3.137000002041459084e+02
3.137000002041459084e+02
3.137000002041459084e+02
3.137000002041459084e+02
3.137000002041459084e+02
3.137000002041459084e+02
3.137000002041459084e+02
3.137000002041459084e+02
3.137000002041459084e+02
3.137000002041459084e+02
3.137000002041459084e+02
3.137000002041459084e+02
3.137000002041459084e+02
3.137000002041459084e+02
3.137000002041459084e+02
3.137000002041459084e+02
3.137000002041459084e+02
3.137000002041459084e+02
3.137000002041459084e+02
3.137000002041459084e+02
3.137000002041459084e+02
3.137000002041459084e+02
3.137000002041459084e+02
3.137000002041459084e+02
3.137000002041459084e+02
3.137000002041459084e+02
3.137000002041459084e+02
3.137000002041459084e+02
3.137000002041459084e+02
3.137000002041459084e+02
3.137000002041459084e+02
3.137000002041459084e+02
3.137000002041459084e+02
3.137000002041459084e+02
3.137000002041459084e+02
3.138000002056360245e+02
3.138000002056360245e+02
3.138000002056360245e+02
3.138000002056360245e+02
3.138000002056360245e+02
3.138000002056360245e+02
3.138000002056360245e+02
3.138000002056360245e+02
3.138000002056360245e+02
3.138000002056360245e+02
3.138000002056360245e+02
3.138000002056360245e+02
3.138000002056360245e+02
3.139000002071261406e+02
3.139000002071261406e+02
3.139000002071261406e+02
3.139000002071261406e+02
3.140000002086162567e+02
3.140000002086162567e+02
3.140000002086162567e+02
3.140000002086162567e+02
3.140000002086162567e+02
3.140000002086162567e+02
3.140000002086162567e+02
3.140000002086162567e+02
3.140000002086162567e+02
3.140000002086162567e+02
3.140000002086162567e+02
3.140000002086162567e+02
3.140000002086162567e+02
3.140000002086162567e+02
3.140000002086162567e+02
3.140000002086162567e+02
3.140000002086162567e+02
3.140000002086162567e+02
3.140000002086162567e+02
3.140000002086162567e+02
3.140000002086162567e+02
3.140000002086162567e+02
3.140000002086162567e+02
3.140000002086162567e+02
3.140000002086162567e+02
3.140000002086162567e+02
3.140000002086162567e+02
3.140000002086162567e+02
3.140000002086162567e+02
3.140000002086162567e+02
3.140000002086162567e+02
3.140000002086162567e+02
3.140000002086162567e+02
3.140000002086162567e+02
3.140000002086162567e+02
3.140000002086162567e+02
3.140000002086162567e+02
3.140000002086162567e+02
3.140000002086162567e+02
3.141000002101063728e+02
3.141000002101063728e+02
3.142000002115964890e+02
3.143000002130866051e+02
3.143000002130866051e+02
3.143000002130866051e+02
3.143000002130866051e+02
3.143000002130866051e+02
3.143000002130866051e+02
3.143000002130866051e+02
3.143000002130866051e+02
3.143000002130866051e+02
3.144000002145767212e+02
3.144000002145767212e+02
3.144000002145767212e+02
3.144000002145767212e+02
3.144000002145767212e+02
3.144000002145767212e+02
3.144000002145767212e+02
3.144000002145767212e+02
3.144000002145767212e+02
3.144000002145767212e+02
3.144000002145767212e+02
3.144000002145767212e+02
3.144000002145767212e+02
3.144000002145767212e+02
3.144000002145767212e+02
3.144000002145767212e+02
3.144000002145767212e+02
3.144000002145767212e+02
3.144000002145767212e+02
3.144000002145767212e+02
3.144000002145767212e+02
3.144000002145767212e+02
3.144000002145767212e+02
3.144000002145767212e+02
3.144000002145767212e+02
3.144000002145767212e+02
3.144000002145767212e+02
3.145000002160668373e+02
3.146000002175569534e+02
3.147000002190470695e+02
3.147000002190470695e+02
3.147000002190470695e+02
3.147000002190470695e+02
3.147000002190470695e+02
3.147000002190470695e+02
3.147000002190470695e+02
3.147000002190470695e+02
3.148000002205371857e+02
3.148000002205371857e+02
3.148000002205371857e+02
3.148000002205371857e+02
3.148000002205371857e+02
3.148000002205371857e+02
3.148000002205371857e+02
3.148000002205371857e+02
3.148000002205371857e+02
3.148000002205371857e+02
3.148000002205371857e+02
3.148000002205371857e+02
3.148000002205371857e+02
3.148000002205371857e+02
3.148000002205371857e+02
3.148000002205371857e+02
3.148000002205371857e+02
3.148000002205371857e+02
3.148000002205371857e+02
3.148000002205371857e+02
3.148000002205371857e+02
3.148000002205371857e+02
3.148000002205371857e+02
3.148000002205371857e+02
3.149000002220273018e+02
3.149000002220273018e+02
3.149000002220273018e+02
3.149000002220273018e+02
3.150000002235174179e+02
3.151000002250075340e+02
3.151000002250075340e+02
3.152000002264976501e+02
3.152000002264976501e+02
3.152000002264976501e+02
3.152000002264976501e+02
3.152000002264976501e+02
3.153000002279877663e+02
3.153000002279877663e+02
3.153000002279877663e+02
3.153000002279877663e+02
3.153000002279877663e+02
3.153000002279877663e+02
3.153000002279877663e+02
3.153000002279877663e+02
3.153000002279877663e+02
3.153000002279877663e+02
3.153000002279877663e+02
3.153000002279877663e+02
3.154000002294778824e+02
3.155000002309679985e+02
3.155000002309679985e+02
3.156000002324581146e+02
3.156000002324581146e+02
3.156000002324581146e+02
3.156000002324581146e+02
3.156000002324581146e+02
3.156000002324581146e+02
3.156000002324581146e+02
3.157000002339482307e+02
3.157000002339482307e+02
3.157000002339482307e+02
3.157000002339482307e+02
3.157000002339482307e+02
3.158000002354383469e+02
3.159000002369284630e+02
3.159000002369284630e+02
3.159000002369284630e+02
3.159000002369284630e+02
3.160000002384185791e+02
3.160000002384185791e+02
3.160000002384185791e+02
3.160000002384185791e+02
3.160000002384185791e+02
3.160000002384185791e+02
3.160000002384185791e+02
3.160000002384185791e+02
3.160000002384185791e+02
3.160000002384185791e+02
3.161000002399086952e+02
3.161000002399086952e+02
3.162000002413988113e+02
3.162000002413988113e+02
3.163000002428889275e+02
3.163000002428889275e+02
3.163000002428889275e+02
3.163000002428889275e+02
3.164000002443790436e+02
3.164000002443790436e+02
3.164000002443790436e+02
3.164000002443790436e+02
3.164000002443790436e+02
3.164000002443790436e+02
3.164000002443790436e+02
3.164000002443790436e+02
3.164000002443790436e+02
3.164000002443790436e+02
3.164000002443790436e+02
3.164000002443790436e+02
3.164000002443790436e+02
3.165000002458691597e+02
3.165000002458691597e+02
3.165000002458691597e+02
3.165000002458691597e+02
3.165000002458691597e+02
3.165000002458691597e+02
3.165000002458691597e+02
3.166000002473592758e+02
3.166000002473592758e+02
3.166000002473592758e+02
3.166000002473592758e+02
3.166000002473592758e+02
3.166000002473592758e+02
3.166000002473592758e+02
3.166000002473592758e+02
3.166000002473592758e+02
3.166000002473592758e+02
3.166000002473592758e+02
3.166000002473592758e+02
3.167000002488493919e+02
3.168000002503395081e+02
3.168000002503395081e+02
3.168000002503395081e+02
3.168000002503395081e+02
3.169000002518296242e+02
3.169000002518296242e+02
3.169000002518296242e+02
3.170000002533197403e+02
3.170000002533197403e+02
3.170000002533197403e+02
3.170000002533197403e+02
3.170000002533197403e+02
3.170000002533197403e+02
3.170000002533197403e+02
3.170000002533197403e+02
3.170000002533197403e+02
3.170000002533197403e+02
3.170000002533197403e+02
3.170000002533197403e+02
3.170000002533197403e+02
3.170000002533197403e+02
3.170000002533197403e+02
3.170000002533197403e+02
3.170000002533197403e+02
3.170000002533197403e+02
3.170000002533197403e+02
3.170000002533197403e+02
3.170000002533197403e+02
3.170000002533197403e+02
3.170000002533197403e+02
3.170000002533197403e+02
3.170000002533197403e+02
3.170000002533197403e+02
3.170000002533197403e+02
3.171000002548098564e+02
3.172000002562999725e+02
3.172000002562999725e+02
3.172000002562999725e+02
3.172000002562999725e+02
3.172000002562999725e+02
3.172000002562999725e+02
3.172000002562999725e+02
3.172000002562999725e+02
3.172000002562999725e+02
3.172000002562999725e+02
3.172000002562999725e+02
3.172000002562999725e+02
3.172000002562999725e+02
3.173000002577900887e+02
3.173000002577900887e+02
3.173000002577900887e+02
3.173000002577900887e+02
3.173000002577900887e+02
3.174000002592802048e+02
3.175000002607703209e+02
3.175000002607703209e+02
3.175000002607703209e+02
3.175000002607703209e+02
3.175000002607703209e+02
3.175000002607703209e+02
3.176000002622604370e+02
3.177000002637505531e+02
3.178000002652406693e+02
3.178000002652406693e+02
3.178000002652406693e+02
3.178000002652406693e+02
3.178000002652406693e+02
3.178000002652406693e+02
3.178000002652406693e+02
3.178000002652406693e+02
3.178000002652406693e+02
3.178000002652406693e+02
3.178000002652406693e+02
3.178000002652406693e+02
3.178000002652406693e+02
3.178000002652406693e+02
3.178000002652406693e+02
3.179000002667307854e+02
3.179000002667307854e+02
3.179000002667307854e+02
3.179000002667307854e+02
3.180000002682209015e+02
3.180000002682209015e+02
3.181000002697110176e+02
3.181000002697110176e+02
3.182000002712011337e+02
3.182000002712011337e+02
3.182000002712011337e+02
3.182000002712011337e+02
3.182000002712011337e+02
3.182000002712011337e+02
3.182000002712011337e+02
3.182000002712011337e+02
3.182000002712011337e+02
3.182000002712011337e+02
3.182000002712011337e+02
3.182000002712011337e+02
3.183000002726912498e+02
3.183000002726912498e+02
3.183000002726912498e+02
3.183000002726912498e+02
3.183000002726912498e+02
3.183000002726912498e+02
3.183000002726912498e+02
3.183000002726912498e+02
3.183000002726912498e+02
3.183000002726912498e+02
3.183000002726912498e+02
3.183000002726912498e+02
3.183000002726912498e+02
3.183000002726912498e+02
3.183000002726912498e+02
3.183000002726912498e+02
3.183000002726912498e+02
3.183000002726912498e+02
3.183000002726912498e+02
3.183000002726912498e+02
3.183000002726912498e+02
3.183000002726912498e+02
3.183000002726912498e+02
3.184000002741813660e+02
3.184000002741813660e+02
3.184000002741813660e+02
3.184000002741813660e+02
3.185000002756714821e+02
3.186000002771615982e+02
3.186000002771615982e+02
3.187000002786517143e+02
3.187000002786517143e+02
3.188000002801418304e+02
3.189000002816319466e+02
3.190000002831220627e+02
3.190000002831220627e+02
3.190000002831220627e+02
3.190000002831220627e+02
3.191000002846121788e+02
3.191000002846121788e+02
3.191000002846121788e+02
3.192000002861022949e+02
3.193000002875924110e+02
3.194000002890825272e+02
3.195000002905726433e+02
3.196000002920627594e+02
3.196000002920627594e+02
3.197000002935528755e+02
3.197000002935528755e+02
3.197000002935528755e+02
3.197000002935528755e+02
3.197000002935528755e+02
3.197000002935528755e+02
3.197000002935528755e+02
3.197000002935528755e+02
3.197000002935528755e+02
3.198000002950429916e+02
3.198000002950429916e+02
3.198000002950429916e+02
3.198000002950429916e+02
3.198000002950429916e+02
3.198000002950429916e+02
3.199000002965331078e+02
3.200000002980232239e+02
3.201000002995133400e+02
3.201000002995133400e+02
3.201000002995133400e+02
3.201000002995133400e+02
3.201000002995133400e+02
3.202000003010034561e+02
3.203000003024935722e+02
3.203000003024935722e+02
3.204000003039836884e+02
3.205000003054738045e+02
3.206000003069639206e+02
3.207000003084540367e+02
3.208000003099441528e+02
3.209000003114342690e+02
3.210000003129243851e+02
3.211000003144145012e+02
3.212000003159046173e+02
3.213000003173947334e+02
3.214000003188848495e+02
3.215000003203749657e+02
3.215000003203749657e+02
3.216000003218650818e+02
3.217000003233551979e+02
3.218000003248453140e+02
3.219000003263354301e+02
3.220000003278255463e+02
3.221000003293156624e+02
3.222000003308057785e+02
3.223000003322958946e+02
3.224000003337860107e+02
3.225000003352761269e+02
3.226000003367662430e+02
3.226000003367662430e+02
3.227000003382563591e+02
3.228000003397464752e+02
3.228000003397464752e+02
3.229000003412365913e+02
3.229000003412365913e+02
3.229000003412365913e+02
3.230000003427267075e+02
3.231000003442168236e+02
3.232000003457069397e+02
3.233000003471970558e+02
3.234000003486871719e+02
3.235000003501772881e+02
3.236000003516674042e+02
3.237000003531575203e+02
3.238000003546476364e+02
3.239000003561377525e+02
3.240000003576278687e+02
3.241000003591179848e+02
3.242000003606081009e+02
3.243000003620982170e+02
3.244000003635883331e+02
3.245000003650784492e+02
3.246000003665685654e+02
3.247000003680586815e+02
3.248000003695487976e+02
3.249000003710389137e+02
3.250000003725290298e+02
3.251000003740191460e+02
3.252000003755092621e+02
3.253000003769993782e+02
3.254000003784894943e+02
3.254000003784894943e+02
3.254000003784894943e+02
3.254000003784894943e+02
3.255000003799796104e+02
3.256000003814697266e+02
3.257000003829598427e+02
3.258000003844499588e+02
3.259000003859400749e+02
3.259000003859400749e+02
3.260000003874301910e+02
3.260000003874301910e+02
3.260000003874301910e+02
3.260000003874301910e+02
3.261000003889203072e+02
3.262000003904104233e+02
3.262000003904104233e+02
3.263000003919005394e+02
3.263000003919005394e+02
3.264000003933906555e+02
3.264000003933906555e+02
3.264000003933906555e+02
3.265000003948807716e+02
3.265000003948807716e+02
3.265000003948807716e+02
3.266000003963708878e+02
3.267000003978610039e+02
3.268000003993511200e+02
3.269000004008412361e+02
3.270000004023313522e+02
3.271000004038214684e+02
3.271000004038214684e+02
3.271000004038214684e+02
3.272000004053115845e+02
3.273000004068017006e+02
3.273000004068017006e+02
3.274000004082918167e+02
3.274000004082918167e+02
3.274000004082918167e+02
3.274000004082918167e+02
3.275000004097819328e+02
3.275000004097819328e+02
3.276000004112720490e+02
3.276000004112720490e+02
3.276000004112720490e+02
3.276000004112720490e+02
3.276000004112720490e+02
3.277000004127621651e+02
3.277000004127621651e+02
3.277000004127621651e+02
3.277000004127621651e+02
3.278000004142522812e+02
3.279000004157423973e+02
3.280000004172325134e+02
3.281000004187226295e+02
3.282000004202127457e+02
3.282000004202127457e+02
3.283000004217028618e+02
3.284000004231929779e+02
3.284000004231929779e+02
3.284000004231929779e+02
3.285000004246830940e+02
3.286000004261732101e+02
3.286000004261732101e+02
3.286000004261732101e+02
3.286000004261732101e+02
3.286000004261732101e+02
3.286000004261732101e+02
3.287000004276633263e+02
3.288000004291534424e+02
3.289000004306435585e+02
3.290000004321336746e+02
3.290000004321336746e+02
3.291000004336237907e+02
3.292000004351139069e+02
3.293000004366040230e+02
3.294000004380941391e+02
3.294000004380941391e+02
3.295000004395842552e+02
3.296000004410743713e+02
3.296000004410743713e+02
3.297000004425644875e+02
3.297000004425644875e+02
3.298000004440546036e+02
3.298000004440546036e+02
3.298000004440546036e+02
3.298000004440546036e+02
3.298000004440546036e+02
3.299000004455447197e+02
3.299000004455447197e+02
3.300000004470348358e+02
3.300000004470348358e+02
3.301000004485249519e+02
3.301000004485249519e+02
3.302000004500150681e+02
3.303000004515051842e+02
3.304000004529953003e+02
3.305000004544854164e+02
3.306000004559755325e+02
3.307000004574656487e+02
3.308000004589557648e+02
3.309000004604458809e+02
3.309000004604458809e+02
3.310000004619359970e+02
3.310000004619359970e+02
3.311000004634261131e+02
3.311000004634261131e+02
3.311000004634261131e+02
3.311000004634261131e+02
3.311000004634261131e+02
3.312000004649162292e+02
3.312000004649162292e+02
3.312000004649162292e+02
3.313000004664063454e+02
3.314000004678964615e+02
3.315000004693865776e+02
3.316000004708766937e+02
3.317000004723668098e+02
3.318000004738569260e+02
3.319000004753470421e+02
3.319000004753470421e+02
3.320000004768371582e+02
3.321000004783272743e+02
3.321000004783272743e+02
3.321000004783272743e+02
3.321000004783272743e+02
3.321000004783272743e+02
3.321000004783272743e+02
3.321000004783272743e+02
3.322000004798173904e+02
3.323000004813075066e+02
3.324000004827976227e+02
3.325000004842877388e+02
3.326000004857778549e+02
3.327000004872679710e+02
3.328000004887580872e+02
3.329000004902482033e+02
3.330000004917383194e+02
3.330000004917383194e+02
3.330000004917383194e+02
3.331000004932284355e+02
3.332000004947185516e+02
3.333000004962086678e+02
3.334000004976987839e+02
3.335000004991889000e+02
3.336000005006790161e+02
3.337000005021691322e+02
3.338000005036592484e+02
3.339000005051493645e+02
3.340000005066394806e+02
3.341000005081295967e+02
3.341000005081295967e+02
3.342000005096197128e+02
3.342000005096197128e+02
3.343000005111098289e+02
3.344000005125999451e+02
3.345000005140900612e+02
3.346000005155801773e+02
3.347000005170702934e+02
3.347000005170702934e+02
3.348000005185604095e+02
3.348000005185604095e+02
3.349000005200505257e+02
3.350000005215406418e+02
3.351000005230307579e+02
3.352000005245208740e+02
3.352000005245208740e+02
3.353000005260109901e+02
3.354000005275011063e+02
3.354000005275011063e+02
3.354000005275011063e+02
3.355000005289912224e+02
3.356000005304813385e+02
3.356000005304813385e+02
3.357000005319714546e+02
3.358000005334615707e+02
3.358000005334615707e+02
3.358000005334615707e+02
3.359000005349516869e+02
3.360000005364418030e+02
3.361000005379319191e+02
3.362000005394220352e+02
3.363000005409121513e+02
3.363000005409121513e+02
3.364000005424022675e+02
3.364000005424022675e+02
3.364000005424022675e+02
3.365000005438923836e+02
3.366000005453824997e+02
3.366000005453824997e+02
3.367000005468726158e+02
3.368000005483627319e+02
3.369000005498528481e+02
3.370000005513429642e+02
3.370000005513429642e+02
3.371000005528330803e+02
3.372000005543231964e+02
3.373000005558133125e+02
3.374000005573034286e+02
3.375000005587935448e+02
3.376000005602836609e+02
3.377000005617737770e+02
3.378000005632638931e+02
3.379000005647540092e+02
3.380000005662441254e+02
3.381000005677342415e+02
3.382000005692243576e+02
3.383000005707144737e+02
3.383000005707144737e+02
3.384000005722045898e+02
3.385000005736947060e+02
3.386000005751848221e+02
3.386000005751848221e+02
3.386000005751848221e+02
3.387000005766749382e+02
3.387000005766749382e+02
3.388000005781650543e+02
3.389000005796551704e+02
3.390000005811452866e+02
3.390000005811452866e+02
3.391000005826354027e+02
3.392000005841255188e+02
3.393000005856156349e+02
3.394000005871057510e+02
3.395000005885958672e+02
3.396000005900859833e+02
3.397000005915760994e+02
3.398000005930662155e+02
3.399000005945563316e+02
3.400000005960464478e+02
3.401000005975365639e+02
3.402000005990266800e+02
3.403000006005167961e+02
3.404000006020069122e+02
3.405000006034970284e+02
3.406000006049871445e+02
3.407000006064772606e+02
3.408000006079673767e+02
3.409000006094574928e+02
3.409000006094574928e+02
3.410000006109476089e+02
3.410000006109476089e+02
3.411000006124377251e+02
3.412000006139278412e+02
3.413000006154179573e+02
3.414000006169080734e+02
3.415000006183981895e+02
3.416000006198883057e+02
3.417000006213784218e+02
3.418000006228685379e+02
3.418000006228685379e+02
3.419000006243586540e+02
3.420000006258487701e+02
3.420000006258487701e+02
3.420000006258487701e+02
3.421000006273388863e+02
3.421000006273388863e+02
3.422000006288290024e+02
3.422000006288290024e+02
3.423000006303191185e+02
3.423000006303191185e+02
3.423000006303191185e+02
3.423000006303191185e+02
3.424000006318092346e+02
3.425000006332993507e+02
3.426000006347894669e+02
3.427000006362795830e+02
3.427000006362795830e+02
3.427000006362795830e+02
3.428000006377696991e+02
3.429000006392598152e+02
3.429000006392598152e+02
3.429000006392598152e+02
3.430000006407499313e+02
3.431000006422400475e+02
3.431000006422400475e+02
3.432000006437301636e+02
3.433000006452202797e+02
3.433000006452202797e+02
3.434000006467103958e+02
3.435000006482005119e+02
3.436000006496906281e+02
3.437000006511807442e+02
3.438000006526708603e+02
3.439000006541609764e+02
3.440000006556510925e+02
3.441000006571412086e+02
3.442000006586313248e+02
3.443000006601214409e+02
3.444000006616115570e+02
3.445000006631016731e+02
3.446000006645917892e+02
3.447000006660819054e+02
3.448000006675720215e+02
3.449000006690621376e+02
3.450000006705522537e+02
3.451000006720423698e+02
3.452000006735324860e+02
3.453000006750226021e+02
3.454000006765127182e+02
3.455000006780028343e+02
3.456000006794929504e+02
3.456000006794929504e+02
3.456000006794929504e+02
3.457000006809830666e+02
3.457000006809830666e+02
3.458000006824731827e+02
3.459000006839632988e+02
3.460000006854534149e+02
3.461000006869435310e+02
3.461000006869435310e+02
3.461000006869435310e+02
3.462000006884336472e+02
3.463000006899237633e+02
3.464000006914138794e+02
3.465000006929039955e+02
3.466000006943941116e+02
3.467000006958842278e+02
3.468000006973743439e+02
3.469000006988644600e+02
3.470000007003545761e+02
3.471000007018446922e+02
3.472000007033348083e+02
3.473000007048249245e+02
3.474000007063150406e+02
3.475000007078051567e+02
3.475000007078051567e+02
3.476000007092952728e+02
3.477000007107853889e+02
3.478000007122755051e+02
3.479000007137656212e+02
3.480000007152557373e+02
3.480000007152557373e+02
3.481000007167458534e+02
3.482000007182359695e+02
3.483000007197260857e+02
3.484000007212162018e+02
3.485000007227063179e+02
3.486000007241964340e+02
3.487000007256865501e+02
3.488000007271766663e+02
3.489000007286667824e+02
3.490000007301568985e+02
3.491000007316470146e+02
3.492000007331371307e+02
3.493000007346272469e+02
3.494000007361173630e+02
3.495000007376074791e+02
3.496000007390975952e+02
3.497000007405877113e+02
3.498000007420778275e+02
3.499000007435679436e+02
3.500000007450580597e+02
3.501000007465481758e+02
3.502000007480382919e+02
3.503000007495284081e+02
3.504000007510185242e+02
3.505000007525086403e+02
3.506000007539987564e+02
3.507000007554888725e+02
3.508000007569789886e+02
3.509000007584691048e+02
3.510000007599592209e+02
3.511000007614493370e+02
3.512000007629394531e+02
3.513000007644295692e+02
3.514000007659196854e+02
3.515000007674098015e+02
3.515000007674098015e+02
3.516000007688999176e+02
3.517000007703900337e+02
3.518000007718801498e+02
3.519000007733702660e+02
3.520000007748603821e+02
3.521000007763504982e+02
3.522000007778406143e+02
3.523000007793307304e+02
3.524000007808208466e+02
3.525000007823109627e+02
3.526000007838010788e+02
3.526000007838010788e+02
3.527000007852911949e+02
3.528000007867813110e+02
3.528000007867813110e+02
3.529000007882714272e+02
3.530000007897615433e+02
3.531000007912516594e+02
3.532000007927417755e+02
3.533000007942318916e+02
3.533000007942318916e+02
3.533000007942318916e+02
3.534000007957220078e+02
3.534000007957220078e+02
3.534000007957220078e+02
3.535000007972121239e+02
3.535000007972121239e+02
3.536000007987022400e+02
3.536000007987022400e+02
3.536000007987022400e+02
3.537000008001923561e+02
3.537000008001923561e+02
3.538000008016824722e+02
3.539000008031725883e+02
3.539000008031725883e+02
3.540000008046627045e+02
3.540000008046627045e+02
3.541000008061528206e+02
3.542000008076429367e+02
3.543000008091330528e+02
3.543000008091330528e+02
3.544000008106231689e+02
3.545000008121132851e+02
3.546000008136034012e+02
3.547000008150935173e+02
3.548000008165836334e+02
3.549000008180737495e+02
3.550000008195638657e+02
3.551000008210539818e+02
3.551000008210539818e+02
3.551000008210539818e+02
3.552000008225440979e+02
3.552000008225440979e+02
3.552000008225440979e+02
3.552000008225440979e+02
3.552000008225440979e+02
3.553000008240342140e+02
3.554000008255243301e+02
3.555000008270144463e+02
3.556000008285045624e+02
3.557000008299946785e+02
3.558000008314847946e+02
3.559000008329749107e+02
3.560000008344650269e+02
3.561000008359551430e+02
3.562000008374452591e+02
3.562000008374452591e+02
3.563000008389353752e+02
3.564000008404254913e+02
3.565000008419156075e+02
3.565000008419156075e+02
3.565000008419156075e+02
3.565000008419156075e+02
3.565000008419156075e+02
3.565000008419156075e+02
3.565000008419156075e+02
3.566000008434057236e+02
3.567000008448958397e+02
3.568000008463859558e+02
3.568000008463859558e+02
3.569000008478760719e+02
3.570000008493661880e+02
3.571000008508563042e+02
3.572000008523464203e+02
3.573000008538365364e+02
3.574000008553266525e+02
3.575000008568167686e+02
3.576000008583068848e+02
3.576000008583068848e+02
3.577000008597970009e+02
3.578000008612871170e+02
3.579000008627772331e+02
3.579000008627772331e+02
3.579000008627772331e+02
3.579000008627772331e+02
3.580000008642673492e+02
3.581000008657574654e+02
3.582000008672475815e+02
3.583000008687376976e+02
3.584000008702278137e+02
3.584000008702278137e+02
3.585000008717179298e+02
3.586000008732080460e+02
3.587000008746981621e+02
3.588000008761882782e+02
3.589000008776783943e+02
3.590000008791685104e+02
3.591000008806586266e+02
3.592000008821487427e+02
3.593000008836388588e+02
3.594000008851289749e+02
3.595000008866190910e+02
3.596000008881092072e+02
3.597000008895993233e+02
3.598000008910894394e+02
3.599000008925795555e+02
3.600000008940696716e+02
3.601000008955597878e+02
3.602000008970499039e+02
3.603000008985400200e+02
3.604000009000301361e+02
3.604000009000301361e+02
3.605000009015202522e+02
3.605000009015202522e+02
3.605000009015202522e+02
3.606000009030103683e+02
3.607000009045004845e+02
3.608000009059906006e+02
3.609000009074807167e+02
3.610000009089708328e+02
3.611000009104609489e+02
3.611000009104609489e+02
3.612000009119510651e+02
3.613000009134411812e+02
3.614000009149312973e+02
3.615000009164214134e+02
3.616000009179115295e+02
3.617000009194016457e+02
3.618000009208917618e+02
3.619000009223818779e+02
3.620000009238719940e+02
3.621000009253621101e+02
3.622000009268522263e+02
3.623000009283423424e+02
3.624000009298324585e+02
3.625000009313225746e+02
3.626000009328126907e+02
3.627000009343028069e+02
3.628000009357929230e+02
3.629000009372830391e+02
3.630000009387731552e+02
3.631000009402632713e+02
3.632000009417533875e+02
3.633000009432435036e+02
3.633000009432435036e+02
3.634000009447336197e+02
3.635000009462237358e+02
3.636000009477138519e+02
3.636000009477138519e+02
3.636000009477138519e+02
3.637000009492039680e+02
3.638000009506940842e+02
3.639000009521842003e+02
3.640000009536743164e+02
3.641000009551644325e+02
3.642000009566545486e+02
3.643000009581446648e+02
3.644000009596347809e+02
3.645000009611248970e+02
3.646000009626150131e+02
3.647000009641051292e+02
3.648000009655952454e+02
3.649000009670853615e+02
3.650000009685754776e+02
3.651000009700655937e+02
3.652000009715557098e+02
3.653000009730458260e+02
3.654000009745359421e+02
3.655000009760260582e+02
3.656000009775161743e+02
3.657000009790062904e+02
3.658000009804964066e+02
3.659000009819865227e+02
3.660000009834766388e+02
3.661000009849667549e+02
3.662000009864568710e+02
3.663000009879469872e+02
3.664000009894371033e+02
3.665000009909272194e+02
3.666000009924173355e+02
3.667000009939074516e+02
3.668000009953975677e+02
3.669000009968876839e+02
3.670000009983778000e+02
3.671000009998679161e+02
3.672000010013580322e+02
3.673000010028481483e+02
3.674000010043382645e+02
3.675000010058283806e+02
3.676000010073184967e+02
3.677000010088086128e+02
3.678000010102987289e+02
3.679000010117888451e+02
3.680000010132789612e+02
3.681000010147690773e+02
3.682000010162591934e+02
3.683000010177493095e+02
3.684000010192394257e+02
3.685000010207295418e+02
3.686000010222196579e+02
3.687000010237097740e+02
3.688000010251998901e+02
3.689000010266900063e+02
3.690000010281801224e+02
3.691000010296702385e+02
3.692000010311603546e+02
3.693000010326504707e+02
3.694000010341405869e+02
3.695000010356307030e+02
3.696000010371208191e+02
3.697000010386109352e+02
3.698000010401010513e+02
3.699000010415911674e+02
3.700000010430812836e+02
3.701000010445713997e+02
3.702000010460615158e+02
3.703000010475516319e+02
3.704000010490417480e+02
3.705000010505318642e+02
3.706000010520219803e+02
3.707000010535120964e+02
3.708000010550022125e+02
3.709000010564923286e+02
3.710000010579824448e+02
3.711000010594725609e+02
3.712000010609626770e+02
3.713000010624527931e+02
3.714000010639429092e+02
3.715000010654330254e+02
3.716000010669231415e+02
3.717000010684132576e+02
3.718000010699033737e+02
3.719000010713934898e+02
3.720000010728836060e+02
3.721000010743737221e+02
3.722000010758638382e+02
3.723000010773539543e+02
3.724000010788440704e+02
3.725000010803341866e+02
3.726000010818243027e+02
3.727000010833144188e+02
3.728000010848045349e+02
3.729000010862946510e+02
3.730000010877847672e+02
3.730000010877847672e+02
3.731000010892748833e+02
3.732000010907649994e+02
3.733000010922551155e+02
3.733000010922551155e+02
3.734000010937452316e+02
3.735000010952353477e+02
3.736000010967254639e+02
3.736000010967254639e+02
3.737000010982155800e+02
3.737000010982155800e+02
3.738000010997056961e+02
3.739000011011958122e+02
3.740000011026859283e+02
3.741000011041760445e+02
3.742000011056661606e+02
3.742000011056661606e+02
3.742000011056661606e+02
3.743000011071562767e+02
3.744000011086463928e+02
3.745000011101365089e+02
3.746000011116266251e+02
3.747000011131167412e+02
3.748000011146068573e+02
3.749000011160969734e+02
3.750000011175870895e+02
3.751000011190772057e+02
3.751000011190772057e+02
3.752000011205673218e+02
3.752000011205673218e+02
3.753000011220574379e+02
3.754000011235475540e+02
3.755000011250376701e+02
3.756000011265277863e+02
3.757000011280179024e+02
3.758000011295080185e+02
3.759000011309981346e+02
3.759000011309981346e+02
3.759000011309981346e+02
3.760000011324882507e+02
3.761000011339783669e+02
3.762000011354684830e+02
3.763000011369585991e+02
3.764000011384487152e+02
3.765000011399388313e+02
3.766000011414289474e+02
3.767000011429190636e+02
3.768000011444091797e+02
3.769000011458992958e+02
3.770000011473894119e+02
3.771000011488795280e+02
3.771000011488795280e+02
3.772000011503696442e+02
3.773000011518597603e+02
3.774000011533498764e+02
3.775000011548399925e+02
3.776000011563301086e+02
3.777000011578202248e+02
3.778000011593103409e+02
3.779000011608004570e+02
3.780000011622905731e+02
3.781000011637806892e+02
3.782000011652708054e+02
3.783000011667609215e+02
3.784000011682510376e+02
3.784000011682510376e+02
3.785000011697411537e+02
3.786000011712312698e+02
3.787000011727213860e+02
3.788000011742115021e+02
3.788000011742115021e+02
3.789000011757016182e+02
3.790000011771917343e+02
3.790000011771917343e+02
3.791000011786818504e+02
3.792000011801719666e+02
3.792000011801719666e+02
3.793000011816620827e+02
3.794000011831521988e+02
3.794000011831521988e+02
3.795000011846423149e+02
3.796000011861324310e+02
3.797000011876225471e+02
3.798000011891126633e+02
3.799000011906027794e+02
3.800000011920928955e+02
3.801000011935830116e+02
3.802000011950731277e+02
3.803000011965632439e+02
3.804000011980533600e+02
3.805000011995434761e+02
3.806000012010335922e+02
3.807000012025237083e+02
3.808000012040138245e+02
3.809000012055039406e+02
3.810000012069940567e+02
3.811000012084841728e+02
3.812000012099742889e+02
3.813000012114644051e+02
3.814000012129545212e+02
3.815000012144446373e+02
3.816000012159347534e+02
3.817000012174248695e+02
3.818000012189149857e+02
3.819000012204051018e+02
3.820000012218952179e+02
3.821000012233853340e+02
3.822000012248754501e+02
3.823000012263655663e+02
3.824000012278556824e+02
3.825000012293457985e+02
3.826000012308359146e+02
3.827000012323260307e+02
3.828000012338161469e+02
3.829000012353062630e+02
3.830000012367963791e+02
3.831000012382864952e+02
3.832000012397766113e+02
3.833000012412667274e+02
3.834000012427568436e+02
3.835000012442469597e+02
3.836000012457370758e+02
3.837000012472271919e+02
3.838000012487173080e+02
3.839000012502074242e+02
3.840000012516975403e+02
3.841000012531876564e+02
3.842000012546777725e+02
3.843000012561678886e+02
3.844000012576580048e+02
3.845000012591481209e+02
3.845000012591481209e+02
3.846000012606382370e+02
3.847000012621283531e+02
3.848000012636184692e+02
3.849000012651085854e+02
3.850000012665987015e+02
3.851000012680888176e+02
3.852000012695789337e+02
3.853000012710690498e+02
3.854000012725591660e+02
3.855000012740492821e+02
3.856000012755393982e+02
3.857000012770295143e+02
3.858000012785196304e+02
3.859000012800097466e+02
3.860000012814998627e+02
3.861000012829899788e+02
3.862000012844800949e+02
3.862000012844800949e+02
3.863000012859702110e+02
3.864000012874603271e+02
3.865000012889504433e+02
3.865000012889504433e+02
3.866000012904405594e+02
3.867000012919306755e+02
3.868000012934207916e+02
3.869000012949109077e+02
3.870000012964010239e+02
3.871000012978911400e+02
3.872000012993812561e+02
3.873000013008713722e+02
3.874000013023614883e+02
3.875000013038516045e+02
3.876000013053417206e+02
3.877000013068318367e+02
3.878000013083219528e+02
3.879000013098120689e+02
3.880000013113021851e+02
3.881000013127923012e+02
3.882000013142824173e+02
3.882000013142824173e+02
3.883000013157725334e+02
3.884000013172626495e+02
3.885000013187527657e+02
3.885000013187527657e+02
3.885000013187527657e+02
3.886000013202428818e+02
3.887000013217329979e+02
3.888000013232231140e+02
3.888000013232231140e+02
3.889000013247132301e+02
3.890000013262033463e+02
3.891000013276934624e+02
3.891000013276934624e+02
3.892000013291835785e+02
3.893000013306736946e+02
3.894000013321638107e+02
3.895000013336539268e+02
3.896000013351440430e+02
3.896000013351440430e+02
3.897000013366341591e+02
3.898000013381242752e+02
3.899000013396143913e+02
3.900000013411045074e+02
3.901000013425946236e+02
3.902000013440847397e+02
3.903000013455748558e+02
3.904000013470649719e+02
3.905000013485550880e+02
3.906000013500452042e+02
3.907000013515353203e+02
3.908000013530254364e+02
3.909000013545155525e+02
3.910000013560056686e+02
3.910000013560056686e+02
3.911000013574957848e+02
3.912000013589859009e+02
3.913000013604760170e+02
3.914000013619661331e+02
3.915000013634562492e+02
3.916000013649463654e+02
3.917000013664364815e+02
3.918000013679265976e+02
3.919000013694167137e+02
3.920000013709068298e+02
3.921000013723969460e+02
3.922000013738870621e+02
3.923000013753771782e+02
3.924000013768672943e+02
3.925000013783574104e+02
3.925000013783574104e+02
3.926000013798475266e+02
3.927000013813376427e+02
3.928000013828277588e+02
3.928000013828277588e+02
3.929000013843178749e+02
3.930000013858079910e+02
3.931000013872981071e+02
3.932000013887882233e+02
3.933000013902783394e+02
3.934000013917684555e+02
3.935000013932585716e+02
3.936000013947486877e+02
3.937000013962388039e+02
3.938000013977289200e+02
3.939000013992190361e+02
3.940000014007091522e+02
3.941000014021992683e+02
3.942000014036893845e+02
3.943000014051795006e+02
3.944000014066696167e+02
3.945000014081597328e+02
3.946000014096498489e+02
3.947000014111399651e+02
3.948000014126300812e+02
3.949000014141201973e+02
3.950000014156103134e+02
3.951000014171004295e+02
3.952000014185905457e+02
3.953000014200806618e+02
3.954000014215707779e+02
3.955000014230608940e+02
3.956000014245510101e+02
3.957000014260411263e+02
3.958000014275312424e+02
3.959000014290213585e+02
3.960000014305114746e+02
3.961000014320015907e+02
3.962000014334917068e+02
3.963000014349818230e+02
3.964000014364719391e+02
3.964000014364719391e+02
3.965000014379620552e+02
3.966000014394521713e+02
3.966000014394521713e+02
3.967000014409422874e+02
3.968000014424324036e+02
3.969000014439225197e+02
3.970000014454126358e+02
3.971000014469027519e+02
3.972000014483928680e+02
3.973000014498829842e+02
3.974000014513731003e+02
3.975000014528632164e+02
3.976000014543533325e+02
3.977000014558434486e+02
3.978000014573335648e+02
3.979000014588236809e+02
3.980000014603137970e+02
3.981000014618039131e+02
3.982000014632940292e+02
3.983000014647841454e+02
3.984000014662742615e+02
3.985000014677643776e+02
3.986000014692544937e+02
3.987000014707446098e+02
3.988000014722347260e+02
3.989000014737248421e+02
3.990000014752149582e+02
3.991000014767050743e+02
3.992000014781951904e+02
3.993000014796853065e+02
3.994000014811754227e+02
3.995000014826655388e+02
3.996000014841556549e+02
3.997000014856457710e+02
3.998000014871358871e+02
3.999000014886260033e+02
4.000000014901161194e+02
4.001000014916062355e+02
4.002000014930963516e+02
4.003000014945864677e+02
4.004000014960765839e+02
4.005000014975667000e+02
4.006000014990568161e+02
4.007000015005469322e+02
4.008000015020370483e+02
4.009000015035271645e+02
4.010000015050172806e+02
4.011000015065073967e+02
4.012000015079975128e+02
4.013000015094876289e+02
4.014000015109777451e+02
4.015000015124678612e+02
4.016000015139579773e+02
4.017000015154480934e+02
4.018000015169382095e+02
4.019000015184283257e+02
4.020000015199184418e+02
4.021000015214085579e+02
4.021000015214085579e+02
4.022000015228986740e+02
4.022000015228986740e+02
4.023000015243887901e+02
4.024000015258789062e+02
4.025000015273690224e+02
4.026000015288591385e+02
4.027000015303492546e+02
4.028000015318393707e+02
4.029000015333294868e+02
4.030000015348196030e+02
4.031000015363097191e+02
4.032000015377998352e+02
4.033000015392899513e+02
4.034000015407800674e+02
4.035000015422701836e+02
4.036000015437602997e+02
4.037000015452504158e+02
4.038000015467405319e+02
4.039000015482306480e+02
4.040000015497207642e+02
4.041000015512108803e+02
4.042000015527009964e+02
4.043000015541911125e+02
4.044000015556812286e+02
4.045000015571713448e+02
4.046000015586614609e+02
4.047000015601515770e+02
4.047000015601515770e+02
4.048000015616416931e+02
4.049000015631318092e+02
4.050000015646219254e+02
4.051000015661120415e+02
4.052000015676021576e+02
4.053000015690922737e+02
4.054000015705823898e+02
4.055000015720725060e+02
4.056000015735626221e+02
4.057000015750527382e+02
4.058000015765428543e+02
4.059000015780329704e+02
4.060000015795230865e+02
4.061000015810132027e+02
4.062000015825033188e+02
4.063000015839934349e+02
4.064000015854835510e+02
4.065000015869736671e+02
4.066000015884637833e+02
4.067000015899538994e+02
4.068000015914440155e+02
4.069000015929341316e+02
4.070000015944242477e+02
4.071000015959143639e+02
4.072000015974044800e+02
4.072000015974044800e+02
4.073000015988945961e+02
4.074000016003847122e+02
4.075000016018748283e+02
4.076000016033649445e+02
4.077000016048550606e+02
4.078000016063451767e+02
4.079000016078352928e+02
4.080000016093254089e+02
4.081000016108155251e+02
4.081000016108155251e+02
4.082000016123056412e+02
4.083000016137957573e+02
4.084000016152858734e+02
4.085000016167759895e+02
4.085000016167759895e+02
4.086000016182661057e+02
4.087000016197562218e+02
4.088000016212463379e+02
4.089000016227364540e+02
4.090000016242265701e+02
4.091000016257166862e+02
4.092000016272068024e+02
4.093000016286969185e+02
4.094000016301870346e+02
4.095000016316771507e+02
4.096000016331672668e+02
4.097000016346573830e+02
4.097000016346573830e+02
4.098000016361474991e+02
4.099000016376376152e+02
4.100000016391277313e+02
4.101000016406178474e+02
4.102000016421079636e+02
4.103000016435980797e+02
4.104000016450881958e+02
4.105000016465783119e+02
4.106000016480684280e+02
4.107000016495585442e+02
4.108000016510486603e+02
4.109000016525387764e+02
4.110000016540288925e+02
4.111000016555190086e+02
4.112000016570091248e+02
4.113000016584992409e+02
4.114000016599893570e+02
4.115000016614794731e+02
4.116000016629695892e+02
4.117000016644597054e+02
4.118000016659498215e+02
4.119000016674399376e+02
4.120000016689300537e+02
4.121000016704201698e+02
4.122000016719102859e+02
4.123000016734004021e+02
4.124000016748905182e+02
4.125000016763806343e+02
4.126000016778707504e+02
4.127000016793608665e+02
4.128000016808509827e+02
4.129000016823410988e+02
4.130000016838312149e+02
4.131000016853213310e+02
4.132000016868114471e+02
4.133000016883015633e+02
4.134000016897916794e+02
4.135000016912817955e+02
4.136000016927719116e+02
4.137000016942620277e+02
4.138000016957521439e+02
4.139000016972422600e+02
4.140000016987323761e+02
4.141000017002224922e+02
4.142000017017126083e+02
4.143000017032027245e+02
4.144000017046928406e+02
4.145000017061829567e+02
4.146000017076730728e+02
4.147000017091631889e+02
4.148000017106533051e+02
4.149000017121434212e+02
4.150000017136335373e+02
4.151000017151236534e+02
4.152000017166137695e+02
4.153000017181038857e+02
4.154000017195940018e+02
4.155000017210841179e+02
4.156000017225742340e+02
4.157000017240643501e+02
4.158000017255544662e+02
4.158000017255544662e+02
4.159000017270445824e+02
4.160000017285346985e+02
4.161000017300248146e+02
4.162000017315149307e+02
4.163000017330050468e+02
4.164000017344951630e+02
4.165000017359852791e+02
4.165000017359852791e+02
4.166000017374753952e+02
4.167000017389655113e+02
4.168000017404556274e+02
4.169000017419457436e+02
4.170000017434358597e+02
4.171000017449259758e+02
4.172000017464160919e+02
4.173000017479062080e+02
4.174000017493963242e+02
4.175000017508864403e+02
4.176000017523765564e+02
4.177000017538666725e+02
4.178000017553567886e+02
4.179000017568469048e+02
4.180000017583370209e+02
4.180000017583370209e+02
4.181000017598271370e+02
4.181000017598271370e+02
4.182000017613172531e+02
4.183000017628073692e+02
4.184000017642974854e+02
4.185000017657876015e+02
4.186000017672777176e+02
4.187000017687678337e+02
4.188000017702579498e+02
4.189000017717480659e+02
4.190000017732381821e+02
4.191000017747282982e+02
4.192000017762184143e+02
4.193000017777085304e+02
4.194000017791986465e+02
4.195000017806887627e+02
4.196000017821788788e+02
4.197000017836689949e+02
4.198000017851591110e+02
4.199000017866492271e+02
4.200000017881393433e+02
4.201000017896294594e+02
4.202000017911195755e+02
4.203000017926096916e+02
4.204000017940998077e+02
4.205000017955899239e+02
4.206000017970800400e+02
4.207000017985701561e+02
4.208000018000602722e+02
4.209000018015503883e+02
4.210000018030405045e+02
4.211000018045306206e+02
4.212000018060207367e+02
4.213000018075108528e+02
4.214000018090009689e+02
4.215000018104910851e+02
4.216000018119812012e+02
4.217000018134713173e+02
4.218000018149614334e+02
4.219000018164515495e+02
4.220000018179416656e+02
4.221000018194317818e+02
4.222000018209218979e+02
4.223000018224120140e+02
4.224000018239021301e+02
4.225000018253922462e+02
4.226000018268823624e+02
4.227000018283724785e+02
4.228000018298625946e+02
4.229000018313527107e+02
4.230000018328428268e+02
4.231000018343329430e+02
4.232000018358230591e+02
4.233000018373131752e+02
4.234000018388032913e+02
4.234000018388032913e+02
4.235000018402934074e+02
4.236000018417835236e+02
4.237000018432736397e+02
4.238000018447637558e+02
4.239000018462538719e+02
4.240000018477439880e+02
4.241000018492341042e+02
4.242000018507242203e+02
4.243000018522143364e+02
4.244000018537044525e+02
4.245000018551945686e+02
4.246000018566846848e+02
4.247000018581748009e+02
4.248000018596649170e+02
4.249000018611550331e+02
4.250000018626451492e+02
4.251000018641352654e+02
4.252000018656253815e+02
4.253000018671154976e+02
4.254000018686056137e+02
4.255000018700957298e+02
4.256000018715858459e+02
4.257000018730759621e+02
4.258000018745660782e+02
4.259000018760561943e+02
4.260000018775463104e+02
4.261000018790364265e+02
4.262000018805265427e+02
4.263000018820166588e+02
4.264000018835067749e+02
4.265000018849968910e+02
4.266000018864870071e+02
4.267000018879771233e+02
4.268000018894672394e+02
4.269000018909573555e+02
4.270000018924474716e+02
4.271000018939375877e+02
4.272000018954277039e+02
4.272000018954277039e+02
4.272000018954277039e+02
4.273000018969178200e+02
4.274000018984079361e+02
4.275000018998980522e+02
4.276000019013881683e+02
4.277000019028782845e+02
4.278000019043684006e+02
4.279000019058585167e+02
4.280000019073486328e+02
4.281000019088387489e+02
4.282000019103288651e+02
4.283000019118189812e+02
4.284000019133090973e+02
4.285000019147992134e+02
4.285000019147992134e+02
4.286000019162893295e+02
4.287000019177794456e+02
4.288000019192695618e+02
4.289000019207596779e+02
4.290000019222497940e+02
4.291000019237399101e+02
4.292000019252300262e+02
4.293000019267201424e+02
4.294000019282102585e+02
4.295000019297003746e+02
4.296000019311904907e+02
4.297000019326806068e+02
4.298000019341707230e+02
4.299000019356608391e+02
4.300000019371509552e+02
4.301000019386410713e+02
4.302000019401311874e+02
4.303000019416213036e+02
4.304000019431114197e+02
4.304000019431114197e+02
4.305000019446015358e+02
4.306000019460916519e+02
4.307000019475817680e+02
4.308000019490718842e+02
4.309000019505620003e+02
4.310000019520521164e+02
4.311000019535422325e+02
4.312000019550323486e+02
4.313000019565224648e+02
4.314000019580125809e+02
4.315000019595026970e+02
4.316000019609928131e+02
4.317000019624829292e+02
4.318000019639730453e+02
4.319000019654631615e+02
4.320000019669532776e+02
4.321000019684433937e+02
4.322000019699335098e+02
4.323000019714236259e+02
4.324000019729137421e+02
4.325000019744038582e+02
4.326000019758939743e+02
4.327000019773840904e+02
4.328000019788742065e+02
4.329000019803643227e+02
4.330000019818544388e+02
4.331000019833445549e+02
4.332000019848346710e+02
4.333000019863247871e+02
4.334000019878149033e+02
4.335000019893050194e+02
4.336000019907951355e+02
4.337000019922852516e+02
4.338000019937753677e+02
4.339000019952654839e+02
4.340000019967556000e+02
4.341000019982457161e+02
4.342000019997358322e+02
4.343000020012259483e+02
4.344000020027160645e+02
4.345000020042061806e+02
4.346000020056962967e+02
4.347000020071864128e+02
4.348000020086765289e+02
4.349000020101666451e+02
4.350000020116567612e+02
4.351000020131468773e+02
4.352000020146369934e+02
4.353000020161271095e+02
4.354000020176172256e+02
4.355000020191073418e+02
4.356000020205974579e+02
4.357000020220875740e+02
4.358000020235776901e+02
4.359000020250678062e+02
4.360000020265579224e+02
4.361000020280480385e+02
4.362000020295381546e+02
4.362000020295381546e+02
4.363000020310282707e+02
4.364000020325183868e+02
4.365000020340085030e+02
4.365000020340085030e+02
4.366000020354986191e+02
4.367000020369887352e+02
4.368000020384788513e+02
4.369000020399689674e+02
4.370000020414590836e+02
4.371000020429491997e+02
4.372000020444393158e+02
4.373000020459294319e+02
4.374000020474195480e+02
4.375000020489096642e+02
4.376000020503997803e+02
4.377000020518898964e+02
4.377000020518898964e+02
4.378000020533800125e+02
4.379000020548701286e+02
4.380000020563602448e+02
4.381000020578503609e+02
4.382000020593404770e+02
4.383000020608305931e+02
4.384000020623207092e+02
4.385000020638108253e+02
4.386000020653009415e+02
4.386000020653009415e+02
4.387000020667910576e+02
4.387000020667910576e+02
4.388000020682811737e+02
4.389000020697712898e+02
4.390000020712614059e+02
4.391000020727515221e+02
4.392000020742416382e+02
4.392000020742416382e+02
4.393000020757317543e+02
4.394000020772218704e+02
4.395000020787119865e+02
4.396000020802021027e+02
4.397000020816922188e+02
4.398000020831823349e+02
4.399000020846724510e+02
4.400000020861625671e+02
4.401000020876526833e+02
4.402000020891427994e+02
4.403000020906329155e+02
4.404000020921230316e+02
4.405000020936131477e+02
4.406000020951032639e+02
4.407000020965933800e+02
4.408000020980834961e+02
4.409000020995736122e+02
4.409000020995736122e+02
4.410000021010637283e+02
4.411000021025538445e+02
4.412000021040439606e+02
4.413000021055340767e+02
4.414000021070241928e+02
4.415000021085143089e+02
4.415000021085143089e+02
4.415000021085143089e+02
4.415000021085143089e+02
4.415000021085143089e+02
4.415000021085143089e+02
4.415000021085143089e+02
4.415000021085143089e+02
4.416000021100044250e+02
4.417000021114945412e+02
4.417000021114945412e+02
4.417000021114945412e+02
4.418000021129846573e+02
4.419000021144747734e+02
4.420000021159648895e+02
4.421000021174550056e+02
4.422000021189451218e+02
4.422000021189451218e+02
4.423000021204352379e+02
4.423000021204352379e+02
4.423000021204352379e+02
4.423000021204352379e+02
4.423000021204352379e+02
4.423000021204352379e+02
4.423000021204352379e+02
4.423000021204352379e+02
4.423000021204352379e+02
4.423000021204352379e+02
4.423000021204352379e+02
4.423000021204352379e+02
4.423000021204352379e+02
4.423000021204352379e+02
4.423000021204352379e+02
4.423000021204352379e+02
4.423000021204352379e+02
4.423000021204352379e+02
4.423000021204352379e+02
4.423000021204352379e+02
4.423000021204352379e+02
4.423000021204352379e+02
4.423000021204352379e+02
4.423000021204352379e+02
4.423000021204352379e+02
4.423000021204352379e+02
4.423000021204352379e+02
4.423000021204352379e+02
4.423000021204352379e+02
4.423000021204352379e+02
4.423000021204352379e+02
4.423000021204352379e+02
4.423000021204352379e+02
4.423000021204352379e+02
4.423000021204352379e+02
4.423000021204352379e+02
4.423000021204352379e+02
4.423000021204352379e+02
4.423000021204352379e+02
4.423000021204352379e+02
4.423000021204352379e+02
4.423000021204352379e+02
4.423000021204352379e+02
4.423000021204352379e+02
4.423000021204352379e+02
4.423000021204352379e+02
4.423000021204352379e+02
4.423000021204352379e+02
4.423000021204352379e+02
4.423000021204352379e+02
4.423000021204352379e+02
4.423000021204352379e+02
4.423000021204352379e+02
4.423000021204352379e+02
4.423000021204352379e+02
4.423000021204352379e+02
4.423000021204352379e+02
4.423000021204352379e+02
4.423000021204352379e+02
4.423000021204352379e+02
4.423000021204352379e+02
4.423000021204352379e+02
4.423000021204352379e+02
4.423000021204352379e+02
4.423000021204352379e+02
4.423000021204352379e+02
4.423000021204352379e+02
4.423000021204352379e+02
4.423000021204352379e+02
4.423000021204352379e+02
4.423000021204352379e+02
4.423000021204352379e+02
4.423000021204352379e+02
4.423000021204352379e+02
4.423000021204352379e+02
4.423000021204352379e+02
4.423000021204352379e+02
4.423000021204352379e+02
4.423000021204352379e+02
4.423000021204352379e+02
4.423000021204352379e+02
4.423000021204352379e+02
4.423000021204352379e+02
4.423000021204352379e+02
4.423000021204352379e+02
4.423000021204352379e+02
4.423000021204352379e+02
4.423000021204352379e+02
4.423000021204352379e+02
4.423000021204352379e+02
4.423000021204352379e+02
4.423000021204352379e+02
4.423000021204352379e+02
4.423000021204352379e+02
4.423000021204352379e+02
4.423000021204352379e+02
4.423000021204352379e+02
4.423000021204352379e+02
4.423000021204352379e+02
4.423000021204352379e+02
4.423000021204352379e+02
4.423000021204352379e+02
4.423000021204352379e+02
4.423000021204352379e+02
4.423000021204352379e+02
4.424000021219253540e+02
4.424000021219253540e+02
4.424000021219253540e+02
4.424000021219253540e+02
4.424000021219253540e+02
4.424000021219253540e+02
4.425000021234154701e+02
4.425000021234154701e+02
4.426000021249055862e+02
4.427000021263957024e+02
4.427000021263957024e+02
4.427000021263957024e+02
4.427000021263957024e+02
4.427000021263957024e+02
4.427000021263957024e+02
4.427000021263957024e+02
4.427000021263957024e+02
4.427000021263957024e+02
4.427000021263957024e+02
4.427000021263957024e+02
4.427000021263957024e+02
4.427000021263957024e+02
4.427000021263957024e+02
4.427000021263957024e+02
4.427000021263957024e+02
4.427000021263957024e+02
4.427000021263957024e+02
4.427000021263957024e+02
4.427000021263957024e+02
4.427000021263957024e+02
4.427000021263957024e+02
4.427000021263957024e+02
4.427000021263957024e+02
4.427000021263957024e+02
4.427000021263957024e+02
4.427000021263957024e+02
4.427000021263957024e+02
4.427000021263957024e+02
4.427000021263957024e+02
4.427000021263957024e+02
4.427000021263957024e+02
4.427000021263957024e+02
4.427000021263957024e+02
4.427000021263957024e+02
4.427000021263957024e+02
4.427000021263957024e+02
4.427000021263957024e+02
4.427000021263957024e+02
4.427000021263957024e+02
4.427000021263957024e+02
4.427000021263957024e+02
4.427000021263957024e+02
4.427000021263957024e+02
4.427000021263957024e+02
4.427000021263957024e+02
4.427000021263957024e+02
4.427000021263957024e+02
4.427000021263957024e+02
4.427000021263957024e+02
4.427000021263957024e+02
4.427000021263957024e+02
4.427000021263957024e+02
4.427000021263957024e+02
4.427000021263957024e+02
4.427000021263957024e+02
4.427000021263957024e+02
4.427000021263957024e+02
4.427000021263957024e+02
4.427000021263957024e+02
4.427000021263957024e+02
4.427000021263957024e+02
4.427000021263957024e+02
4.427000021263957024e+02
4.427000021263957024e+02
4.427000021263957024e+02
4.427000021263957024e+02
4.427000021263957024e+02
4.427000021263957024e+02
4.427000021263957024e+02
4.427000021263957024e+02
4.427000021263957024e+02
4.427000021263957024e+02
4.428000021278858185e+02
4.428000021278858185e+02
4.428000021278858185e+02
4.428000021278858185e+02
4.428000021278858185e+02
4.428000021278858185e+02
4.428000021278858185e+02
4.428000021278858185e+02
4.428000021278858185e+02
4.428000021278858185e+02
4.429000021293759346e+02
4.429000021293759346e+02
4.429000021293759346e+02
4.429000021293759346e+02
4.429000021293759346e+02
4.429000021293759346e+02
4.429000021293759346e+02
4.429000021293759346e+02
4.429000021293759346e+02
4.429000021293759346e+02
4.429000021293759346e+02
4.429000021293759346e+02
4.429000021293759346e+02
4.429000021293759346e+02
4.429000021293759346e+02
4.429000021293759346e+02
4.429000021293759346e+02
4.429000021293759346e+02
4.429000021293759346e+02
4.430000021308660507e+02
4.430000021308660507e+02
4.430000021308660507e+02
4.430000021308660507e+02
4.430000021308660507e+02
4.430000021308660507e+02
4.430000021308660507e+02
4.430000021308660507e+02
4.430000021308660507e+02
4.430000021308660507e+02
4.430000021308660507e+02
4.430000021308660507e+02
4.430000021308660507e+02
4.430000021308660507e+02
4.430000021308660507e+02
4.430000021308660507e+02
4.430000021308660507e+02
4.430000021308660507e+02
4.430000021308660507e+02
4.430000021308660507e+02
4.430000021308660507e+02
4.430000021308660507e+02
4.430000021308660507e+02
4.430000021308660507e+02
4.430000021308660507e+02
4.430000021308660507e+02
4.430000021308660507e+02
4.430000021308660507e+02
4.430000021308660507e+02
4.430000021308660507e+02
4.430000021308660507e+02
4.430000021308660507e+02
4.430000021308660507e+02
4.430000021308660507e+02
4.430000021308660507e+02
4.430000021308660507e+02
4.430000021308660507e+02
4.430000021308660507e+02
4.430000021308660507e+02
4.430000021308660507e+02
4.430000021308660507e+02
4.430000021308660507e+02
4.430000021308660507e+02
4.430000021308660507e+02
4.430000021308660507e+02
4.431000021323561668e+02
4.431000021323561668e+02
4.431000021323561668e+02
4.431000021323561668e+02
4.431000021323561668e+02
4.431000021323561668e+02
4.431000021323561668e+02
4.431000021323561668e+02
4.431000021323561668e+02
4.431000021323561668e+02
4.431000021323561668e+02
4.431000021323561668e+02
4.432000021338462830e+02
4.432000021338462830e+02
4.432000021338462830e+02
4.432000021338462830e+02
4.433000021353363991e+02
4.433000021353363991e+02
4.433000021353363991e+02
4.433000021353363991e+02
4.433000021353363991e+02
4.433000021353363991e+02
4.433000021353363991e+02
4.433000021353363991e+02
4.433000021353363991e+02
4.433000021353363991e+02
4.433000021353363991e+02
4.433000021353363991e+02
4.433000021353363991e+02
4.433000021353363991e+02
4.433000021353363991e+02
4.433000021353363991e+02
4.433000021353363991e+02
4.433000021353363991e+02
4.433000021353363991e+02
4.433000021353363991e+02
4.433000021353363991e+02
4.433000021353363991e+02
4.433000021353363991e+02
4.433000021353363991e+02
4.433000021353363991e+02
4.433000021353363991e+02
4.433000021353363991e+02
4.433000021353363991e+02
4.433000021353363991e+02
4.433000021353363991e+02
4.433000021353363991e+02
4.433000021353363991e+02
4.433000021353363991e+02
4.433000021353363991e+02
4.433000021353363991e+02
4.433000021353363991e+02
4.433000021353363991e+02
4.433000021353363991e+02
4.433000021353363991e+02
4.433000021353363991e+02
4.433000021353363991e+02
4.433000021353363991e+02
4.433000021353363991e+02
4.433000021353363991e+02
4.433000021353363991e+02
4.433000021353363991e+02
4.434000021368265152e+02
4.434000021368265152e+02
4.434000021368265152e+02
4.434000021368265152e+02
4.434000021368265152e+02
4.434000021368265152e+02
4.434000021368265152e+02
4.434000021368265152e+02
4.434000021368265152e+02
4.434000021368265152e+02
4.434000021368265152e+02
4.434000021368265152e+02
4.434000021368265152e+02
4.434000021368265152e+02
4.434000021368265152e+02
4.435000021383166313e+02
4.435000021383166313e+02
4.435000021383166313e+02
4.435000021383166313e+02
4.435000021383166313e+02
4.435000021383166313e+02
4.435000021383166313e+02
4.435000021383166313e+02
4.435000021383166313e+02
4.435000021383166313e+02
4.435000021383166313e+02
4.435000021383166313e+02
4.435000021383166313e+02
4.435000021383166313e+02
4.435000021383166313e+02
4.435000021383166313e+02
4.436000021398067474e+02
4.436000021398067474e+02
4.436000021398067474e+02
4.436000021398067474e+02
4.436000021398067474e+02
4.436000021398067474e+02
4.436000021398067474e+02
4.436000021398067474e+02
4.436000021398067474e+02
4.436000021398067474e+02
4.436000021398067474e+02
4.436000021398067474e+02
4.436000021398067474e+02
4.436000021398067474e+02
4.436000021398067474e+02
4.436000021398067474e+02
4.436000021398067474e+02
4.436000021398067474e+02
4.436000021398067474e+02
4.436000021398067474e+02
4.436000021398067474e+02
4.436000021398067474e+02
4.436000021398067474e+02
4.436000021398067474e+02
4.437000021412968636e+02
4.437000021412968636e+02
4.437000021412968636e+02
4.437000021412968636e+02
4.437000021412968636e+02
4.437000021412968636e+02
4.437000021412968636e+02
4.437000021412968636e+02
4.437000021412968636e+02
4.437000021412968636e+02
4.437000021412968636e+02
4.437000021412968636e+02
4.437000021412968636e+02
4.437000021412968636e+02
4.437000021412968636e+02
4.437000021412968636e+02
4.437000021412968636e+02
4.437000021412968636e+02
4.437000021412968636e+02
4.437000021412968636e+02
4.437000021412968636e+02
4.437000021412968636e+02
4.437000021412968636e+02
4.437000021412968636e+02
4.437000021412968636e+02
4.438000021427869797e+02
4.438000021427869797e+02
4.438000021427869797e+02
4.438000021427869797e+02
4.438000021427869797e+02
4.438000021427869797e+02
4.438000021427869797e+02
4.438000021427869797e+02
4.438000021427869797e+02
4.438000021427869797e+02
4.438000021427869797e+02
4.438000021427869797e+02
4.438000021427869797e+02
4.438000021427869797e+02
4.438000021427869797e+02
4.438000021427869797e+02
4.438000021427869797e+02
4.438000021427869797e+02
4.438000021427869797e+02
4.439000021442770958e+02
4.439000021442770958e+02
4.439000021442770958e+02
4.439000021442770958e+02
4.439000021442770958e+02
4.439000021442770958e+02
4.439000021442770958e+02
4.439000021442770958e+02
4.439000021442770958e+02
4.439000021442770958e+02
4.439000021442770958e+02
4.440000021457672119e+02
4.441000021472573280e+02
4.442000021487474442e+02
4.443000021502375603e+02
