1.999875000000000000e+03
1.999750000000000000e+03
1.999625000000000000e+03
1.999500000000000000e+03
1.999375000000000000e+03
1.999250000000000000e+03
1.999125000000000000e+03
1.999000000000000000e+03
1.998875000000000000e+03
1.998750000000000000e+03
1.998625000000000000e+03
1.998500000000000000e+03
1.998375000000000000e+03
1.998250000000000000e+03
1.998125000000000000e+03
1.998000000000000000e+03
1.997875000000000000e+03
1.997750000000000000e+03
1.997625000000000000e+03
1.997500000000000000e+03
1.997375000000000000e+03
1.997250000000000000e+03
1.997125000000000000e+03
1.997000000000000000e+03
1.996875000000000000e+03
1.996750000000000000e+03
1.996625000000000000e+03
1.996500000000000000e+03
1.996375000000000000e+03
1.996250000000000000e+03
1.996125000000000000e+03
1.996000000000000000e+03
1.995875000000000000e+03
1.995750000000000000e+03
1.995625000000000000e+03
1.995500000000000000e+03
1.995375000000000000e+03
1.995250000000000000e+03
1.995125000000000000e+03
1.995000000000000000e+03
1.994875000000000000e+03
1.994750000000000000e+03
1.994625000000000000e+03
1.994500000000000000e+03
1.994375000000000000e+03
1.994250000000000000e+03
1.994125000000000000e+03
1.994000000000000000e+03
1.993875000000000000e+03
1.993750000000000000e+03
1.993625000000000000e+03
1.993500000000000000e+03
1.993375000000000000e+03
1.993250000000000000e+03
1.993125000000000000e+03
1.993000000000000000e+03
1.992875000000000000e+03
1.992750000000000000e+03
1.992625000000000000e+03
1.992500000000000000e+03
1.992375000000000000e+03
1.992250000000000000e+03
1.992125000000000000e+03
1.992000000000000000e+03
1.991875000000000000e+03
1.991750000000000000e+03
1.991625000000000000e+03
1.991500000000000000e+03
1.991375000000000000e+03
1.991250000000000000e+03
1.991125000000000000e+03
1.991000000000000000e+03
1.990875000000000000e+03
1.990750000000000000e+03
1.990625000000000000e+03
1.990500000000000000e+03
1.990375000000000000e+03
1.990250000000000000e+03
1.990125000000000000e+03
1.990000000000000000e+03
1.989875000000000000e+03
1.989750000000000000e+03
1.989625000000000000e+03
1.989500000000000000e+03
1.989375000000000000e+03
1.989250000000000000e+03
1.989125000000000000e+03
1.989000000000000000e+03
1.988875000000000000e+03
1.988750000000000000e+03
1.988625000000000000e+03
1.988500000000000000e+03
1.988375000000000000e+03
1.988250000000000000e+03
1.988125000000000000e+03
1.988000000000000000e+03
1.987875000000000000e+03
1.987750000000000000e+03
1.987625000000000000e+03
1.987500000000000000e+03
1.987375000000000000e+03
1.987250000000000000e+03
1.987125000000000000e+03
1.987000000000000000e+03
1.986875000000000000e+03
1.986750000000000000e+03
1.986625000000000000e+03
1.986500000000000000e+03
1.986375000000000000e+03
1.986250000000000000e+03
1.986125000000000000e+03
1.986000000000000000e+03
1.985875000000000000e+03
1.985750000000000000e+03
1.985625000000000000e+03
1.985500000000000000e+03
1.985375000000000000e+03
1.985250000000000000e+03
1.985125000000000000e+03
1.985000000000000000e+03
1.984875000000000000e+03
1.984750000000000000e+03
1.984625000000000000e+03
1.984500000000000000e+03
1.984375000000000000e+03
1.984250000000000000e+03
1.984125000000000000e+03
1.984000000000000000e+03
1.983875000000000000e+03
1.983750000000000000e+03
1.983625000000000000e+03
1.983500000000000000e+03
1.983375000000000000e+03
1.983250000000000000e+03
1.983125000000000000e+03
1.983000000000000000e+03
1.982875000000000000e+03
1.982750000000000000e+03
1.982625000000000000e+03
1.982500000000000000e+03
1.982375000000000000e+03
1.982250000000000000e+03
1.982125000000000000e+03
1.982000000000000000e+03
1.981875000000000000e+03
1.981750000000000000e+03
1.981625000000000000e+03
1.981500000000000000e+03
1.981375000000000000e+03
1.981250000000000000e+03
1.981125000000000000e+03
1.981000000000000000e+03
1.980875000000000000e+03
1.980750000000000000e+03
1.980625000000000000e+03
1.980500000000000000e+03
1.980375000000000000e+03
1.980250000000000000e+03
1.980125000000000000e+03
1.980000000000000000e+03
1.979875000000000000e+03
1.979750000000000000e+03
1.979625000000000000e+03
1.979500000000000000e+03
1.979375000000000000e+03
1.979250000000000000e+03
1.979125000000000000e+03
1.979000000000000000e+03
1.978875000000000000e+03
1.978750000000000000e+03
1.978625000000000000e+03
1.978500000000000000e+03
1.978375000000000000e+03
1.978250000000000000e+03
1.978125000000000000e+03
1.978000000000000000e+03
1.977875000000000000e+03
1.977750000000000000e+03
1.977625000000000000e+03
1.977500000000000000e+03
1.977375000000000000e+03
1.977250000000000000e+03
1.977125000000000000e+03
1.977000000000000000e+03
1.976875000000000000e+03
1.976750000000000000e+03
1.976625000000000000e+03
1.976500000000000000e+03
1.976375000000000000e+03
1.976250000000000000e+03
1.976125000000000000e+03
1.976000000000000000e+03
1.975875000000000000e+03
1.975750000000000000e+03
1.975625000000000000e+03
1.975500000000000000e+03
1.975375000000000000e+03
1.975250000000000000e+03
1.975125000000000000e+03
1.975000000000000000e+03
1.974875000000000000e+03
1.974750000000000000e+03
1.974625000000000000e+03
1.974500000000000000e+03
1.974375000000000000e+03
1.974250000000000000e+03
1.974125000000000000e+03
1.974000000000000000e+03
1.973875000000000000e+03
1.973750000000000000e+03
1.973625000000000000e+03
1.973500000000000000e+03
1.973375000000000000e+03
1.973250000000000000e+03
1.973125000000000000e+03
1.973000000000000000e+03
1.972875000000000000e+03
1.972750000000000000e+03
1.972625000000000000e+03
1.972500000000000000e+03
1.972375000000000000e+03
1.972250000000000000e+03
1.972125000000000000e+03
1.972000000000000000e+03
1.971875000000000000e+03
1.971750000000000000e+03
1.971625000000000000e+03
1.971500000000000000e+03
1.971375000000000000e+03
1.971250000000000000e+03
1.971125000000000000e+03
1.971000000000000000e+03
1.970875000000000000e+03
1.970750000000000000e+03
1.970625000000000000e+03
1.970500000000000000e+03
1.970375000000000000e+03
1.970250000000000000e+03
1.970125000000000000e+03
1.970000000000000000e+03
1.969875000000000000e+03
1.969750000000000000e+03
1.969625000000000000e+03
1.969500000000000000e+03
1.969375000000000000e+03
1.969250000000000000e+03
1.969125000000000000e+03
1.969000000000000000e+03
1.968875000000000000e+03
1.968750000000000000e+03
1.968625000000000000e+03
1.968500000000000000e+03
1.968375000000000000e+03
1.968250000000000000e+03
1.968125000000000000e+03
1.968000000000000000e+03
1.967875000000000000e+03
1.967750000000000000e+03
1.967625000000000000e+03
1.967500000000000000e+03
1.967375000000000000e+03
1.967250000000000000e+03
1.967125000000000000e+03
1.967000000000000000e+03
1.966875000000000000e+03
1.966750000000000000e+03
1.966625000000000000e+03
1.966500000000000000e+03
1.966375000000000000e+03
1.966250000000000000e+03
1.966125000000000000e+03
1.966000000000000000e+03
1.965875000000000000e+03
1.965750000000000000e+03
1.965625000000000000e+03
1.965500000000000000e+03
1.965375000000000000e+03
1.965250000000000000e+03
1.965125000000000000e+03
1.965000000000000000e+03
1.964875000000000000e+03
1.964750000000000000e+03
1.964625000000000000e+03
1.964500000000000000e+03
1.964375000000000000e+03
1.964250000000000000e+03
1.964125000000000000e+03
1.964000000000000000e+03
1.963875000000000000e+03
1.963750000000000000e+03
1.963625000000000000e+03
1.963500000000000000e+03
1.963375000000000000e+03
1.963250000000000000e+03
1.963125000000000000e+03
1.963000000000000000e+03
1.962875000000000000e+03
1.962750000000000000e+03
1.962625000000000000e+03
1.962500000000000000e+03
1.962375000000000000e+03
1.962250000000000000e+03
1.962125000000000000e+03
1.962000000000000000e+03
1.961875000000000000e+03
1.961750000000000000e+03
1.961625000000000000e+03
1.961500000000000000e+03
1.961375000000000000e+03
1.961250000000000000e+03
1.961125000000000000e+03
1.961000000000000000e+03
1.960875000000000000e+03
1.960750000000000000e+03
1.960625000000000000e+03
1.960500000000000000e+03
1.960375000000000000e+03
1.960250000000000000e+03
1.960125000000000000e+03
1.960000000000000000e+03
1.959875000000000000e+03
1.959750000000000000e+03
1.959625000000000000e+03
1.959500000000000000e+03
1.959375000000000000e+03
1.959250000000000000e+03
1.959125000000000000e+03
1.959000000000000000e+03
1.958875000000000000e+03
1.958750000000000000e+03
1.958625000000000000e+03
1.958500000000000000e+03
1.958375000000000000e+03
1.958250000000000000e+03
1.958125000000000000e+03
1.958000000000000000e+03
1.957875000000000000e+03
1.957750000000000000e+03
1.957625000000000000e+03
1.957500000000000000e+03
1.957375000000000000e+03
1.957250000000000000e+03
1.957125000000000000e+03
1.957000000000000000e+03
1.956875000000000000e+03
1.956750000000000000e+03
1.956625000000000000e+03
1.956500000000000000e+03
1.956375000000000000e+03
1.956250000000000000e+03
1.956125000000000000e+03
1.956000000000000000e+03
1.955875000000000000e+03
1.955750000000000000e+03
1.955625000000000000e+03
1.955500000000000000e+03
1.955375000000000000e+03
1.955250000000000000e+03
1.955125000000000000e+03
1.955000000000000000e+03
1.954875000000000000e+03
1.954750000000000000e+03
1.954625000000000000e+03
1.954500000000000000e+03
1.954375000000000000e+03
1.954250000000000000e+03
1.954125000000000000e+03
1.954000000000000000e+03
1.953875000000000000e+03
1.953750000000000000e+03
1.953625000000000000e+03
1.953500000000000000e+03
1.953375000000000000e+03
1.953250000000000000e+03
1.953125000000000000e+03
1.953000000000000000e+03
1.952875000000000000e+03
1.952750000000000000e+03
1.952625000000000000e+03
1.952500000000000000e+03
1.952375000000000000e+03
1.952250000000000000e+03
1.952125000000000000e+03
1.952000000000000000e+03
1.951875000000000000e+03
1.951750000000000000e+03
1.951625000000000000e+03
1.951500000000000000e+03
1.951375000000000000e+03
1.951250000000000000e+03
1.951125000000000000e+03
1.951000000000000000e+03
1.950875000000000000e+03
1.950750000000000000e+03
1.950625000000000000e+03
1.950500000000000000e+03
1.950375000000000000e+03
1.950250000000000000e+03
1.950125000000000000e+03
1.950000000000000000e+03
1.949875000000000000e+03
1.949750000000000000e+03
1.949625000000000000e+03
1.949500000000000000e+03
1.949375000000000000e+03
1.949250000000000000e+03
1.949125000000000000e+03
1.949000000000000000e+03
1.948875000000000000e+03
1.948750000000000000e+03
1.948625000000000000e+03
1.948500000000000000e+03
1.948375000000000000e+03
1.948250000000000000e+03
1.948125000000000000e+03
1.948000000000000000e+03
1.947875000000000000e+03
1.947750000000000000e+03
1.947625000000000000e+03
1.947500000000000000e+03
1.947375000000000000e+03
1.947250000000000000e+03
1.947125000000000000e+03
1.947000000000000000e+03
1.946875000000000000e+03
1.946750000000000000e+03
1.946625000000000000e+03
1.946500000000000000e+03
1.946375000000000000e+03
1.946250000000000000e+03
1.946125000000000000e+03
1.946000000000000000e+03
1.945875000000000000e+03
1.945750000000000000e+03
1.945625000000000000e+03
1.945500000000000000e+03
1.945375000000000000e+03
1.945250000000000000e+03
1.945125000000000000e+03
1.945000000000000000e+03
1.944875000000000000e+03
1.944750000000000000e+03
1.944625000000000000e+03
1.944500000000000000e+03
1.944375000000000000e+03
1.944250000000000000e+03
1.944125000000000000e+03
1.944000000000000000e+03
1.943875000000000000e+03
1.943750000000000000e+03
1.943625000000000000e+03
1.943500000000000000e+03
1.943375000000000000e+03
1.943250000000000000e+03
1.943125000000000000e+03
1.943000000000000000e+03
1.942875000000000000e+03
1.942750000000000000e+03
1.942625000000000000e+03
1.942500000000000000e+03
1.942375000000000000e+03
1.942250000000000000e+03
1.942125000000000000e+03
1.942000000000000000e+03
1.941875000000000000e+03
1.941750000000000000e+03
1.941625000000000000e+03
1.941500000000000000e+03
1.941375000000000000e+03
1.941250000000000000e+03
1.941125000000000000e+03
1.941000000000000000e+03
1.940875000000000000e+03
1.940750000000000000e+03
1.940625000000000000e+03
1.940500000000000000e+03
1.940375000000000000e+03
1.940250000000000000e+03
1.940125000000000000e+03
1.940000000000000000e+03
1.939875000000000000e+03
1.939750000000000000e+03
1.939625000000000000e+03
1.939500000000000000e+03
1.939375000000000000e+03
1.939250000000000000e+03
1.939125000000000000e+03
1.939000000000000000e+03
1.938875000000000000e+03
1.938750000000000000e+03
1.938625000000000000e+03
1.938500000000000000e+03
1.938375000000000000e+03
1.938250000000000000e+03
1.938125000000000000e+03
1.938000000000000000e+03
1.937875000000000000e+03
1.937750000000000000e+03
1.937625000000000000e+03
1.937500000000000000e+03
1.937375000000000000e+03
1.937250000000000000e+03
1.937125000000000000e+03
1.937000000000000000e+03
1.936875000000000000e+03
1.936750000000000000e+03
1.936625000000000000e+03
1.936500000000000000e+03
1.936375000000000000e+03
1.936250000000000000e+03
1.936125000000000000e+03
1.936000000000000000e+03
1.935875000000000000e+03
1.935750000000000000e+03
1.935625000000000000e+03
1.935500000000000000e+03
1.935375000000000000e+03
1.935250000000000000e+03
1.935125000000000000e+03
1.935000000000000000e+03
1.934875000000000000e+03
1.934750000000000000e+03
1.934625000000000000e+03
1.934500000000000000e+03
1.934375000000000000e+03
1.934250000000000000e+03
1.934125000000000000e+03
1.934000000000000000e+03
1.933875000000000000e+03
1.933750000000000000e+03
1.933625000000000000e+03
1.933500000000000000e+03
1.933375000000000000e+03
1.933250000000000000e+03
1.933125000000000000e+03
1.933000000000000000e+03
1.932875000000000000e+03
1.932750000000000000e+03
1.932625000000000000e+03
1.932500000000000000e+03
1.932375000000000000e+03
1.932250000000000000e+03
1.932125000000000000e+03
1.932000000000000000e+03
1.931875000000000000e+03
1.931750000000000000e+03
1.931625000000000000e+03
1.931500000000000000e+03
1.931375000000000000e+03
1.931250000000000000e+03
1.931125000000000000e+03
1.931000000000000000e+03
1.930875000000000000e+03
1.930750000000000000e+03
1.930625000000000000e+03
1.930500000000000000e+03
1.930375000000000000e+03
1.930250000000000000e+03
1.930125000000000000e+03
1.930000000000000000e+03
1.929875000000000000e+03
1.929750000000000000e+03
1.929625000000000000e+03
1.929500000000000000e+03
1.929375000000000000e+03
1.929250000000000000e+03
1.929125000000000000e+03
1.929000000000000000e+03
1.928875000000000000e+03
1.928750000000000000e+03
1.928625000000000000e+03
1.928500000000000000e+03
1.928375000000000000e+03
1.928250000000000000e+03
1.928125000000000000e+03
1.928000000000000000e+03
1.927875000000000000e+03
1.927750000000000000e+03
1.927625000000000000e+03
1.927500000000000000e+03
1.927375000000000000e+03
1.927250000000000000e+03
1.927125000000000000e+03
1.927000000000000000e+03
1.926875000000000000e+03
1.926750000000000000e+03
1.926625000000000000e+03
1.926500000000000000e+03
1.926375000000000000e+03
1.926250000000000000e+03
1.926125000000000000e+03
1.926000000000000000e+03
1.925875000000000000e+03
1.925750000000000000e+03
1.925625000000000000e+03
1.925500000000000000e+03
1.925375000000000000e+03
1.925250000000000000e+03
1.925125000000000000e+03
1.925000000000000000e+03
1.924875000000000000e+03
1.924750000000000000e+03
1.924625000000000000e+03
1.924500000000000000e+03
1.924375000000000000e+03
1.924250000000000000e+03
1.924125000000000000e+03
1.924000000000000000e+03
1.923875000000000000e+03
1.923750000000000000e+03
1.923625000000000000e+03
1.923500000000000000e+03
1.923375000000000000e+03
1.923250000000000000e+03
1.923125000000000000e+03
1.923000000000000000e+03
1.922875000000000000e+03
1.922750000000000000e+03
1.922625000000000000e+03
1.922500000000000000e+03
1.922375000000000000e+03
1.922250000000000000e+03
1.922125000000000000e+03
1.922000000000000000e+03
1.921875000000000000e+03
1.921750000000000000e+03
1.921625000000000000e+03
1.921500000000000000e+03
1.921375000000000000e+03
1.921250000000000000e+03
1.921125000000000000e+03
1.921000000000000000e+03
1.920875000000000000e+03
1.920750000000000000e+03
1.920625000000000000e+03
1.920500000000000000e+03
1.920375000000000000e+03
1.920250000000000000e+03
1.920125000000000000e+03
1.920000000000000000e+03
1.919875000000000000e+03
1.919750000000000000e+03
1.919625000000000000e+03
1.919500000000000000e+03
1.919375000000000000e+03
1.919250000000000000e+03
1.919125000000000000e+03
1.919000000000000000e+03
1.918875000000000000e+03
1.918750000000000000e+03
1.918625000000000000e+03
1.918500000000000000e+03
1.918375000000000000e+03
1.918250000000000000e+03
1.918125000000000000e+03
1.918000000000000000e+03
1.917875000000000000e+03
1.917750000000000000e+03
1.917625000000000000e+03
1.917500000000000000e+03
1.917375000000000000e+03
1.917250000000000000e+03
1.917125000000000000e+03
1.917000000000000000e+03
1.916875000000000000e+03
1.916750000000000000e+03
1.916625000000000000e+03
1.916500000000000000e+03
1.916375000000000000e+03
1.916250000000000000e+03
1.916125000000000000e+03
1.916000000000000000e+03
1.915875000000000000e+03
1.915750000000000000e+03
1.915625000000000000e+03
1.915500000000000000e+03
1.915375000000000000e+03
1.915250000000000000e+03
1.915125000000000000e+03
1.915000000000000000e+03
1.914875000000000000e+03
1.914750000000000000e+03
1.914625000000000000e+03
1.914500000000000000e+03
1.914375000000000000e+03
1.914250000000000000e+03
1.914125000000000000e+03
1.914000000000000000e+03
1.913875000000000000e+03
1.913750000000000000e+03
1.913625000000000000e+03
1.913500000000000000e+03
1.913375000000000000e+03
1.913250000000000000e+03
1.913125000000000000e+03
1.913000000000000000e+03
1.912875000000000000e+03
1.912750000000000000e+03
1.912625000000000000e+03
1.912500000000000000e+03
1.912375000000000000e+03
1.912250000000000000e+03
1.912125000000000000e+03
1.912000000000000000e+03
1.911875000000000000e+03
1.911750000000000000e+03
1.911625000000000000e+03
1.911500000000000000e+03
1.911375000000000000e+03
1.911250000000000000e+03
1.911125000000000000e+03
1.911000000000000000e+03
1.910875000000000000e+03
1.910750000000000000e+03
1.910625000000000000e+03
1.910500000000000000e+03
1.910375000000000000e+03
1.910250000000000000e+03
1.910125000000000000e+03
1.910000000000000000e+03
1.909875000000000000e+03
1.909750000000000000e+03
1.909625000000000000e+03
1.909500000000000000e+03
1.909375000000000000e+03
1.909250000000000000e+03
1.909125000000000000e+03
1.909000000000000000e+03
1.908875000000000000e+03
1.908750000000000000e+03
1.908625000000000000e+03
1.908500000000000000e+03
1.908375000000000000e+03
1.908250000000000000e+03
1.908125000000000000e+03
1.908000000000000000e+03
1.907875000000000000e+03
1.907750000000000000e+03
1.907625000000000000e+03
1.907500000000000000e+03
1.907375000000000000e+03
1.907250000000000000e+03
1.907125000000000000e+03
1.907000000000000000e+03
1.906875000000000000e+03
1.906750000000000000e+03
1.906625000000000000e+03
1.906500000000000000e+03
1.906375000000000000e+03
1.906250000000000000e+03
1.906125000000000000e+03
1.906000000000000000e+03
1.905875000000000000e+03
1.905750000000000000e+03
1.905625000000000000e+03
1.905500000000000000e+03
1.905375000000000000e+03
1.905250000000000000e+03
1.905125000000000000e+03
1.905000000000000000e+03
1.904875000000000000e+03
1.904750000000000000e+03
1.904625000000000000e+03
1.904500000000000000e+03
1.904375000000000000e+03
1.904250000000000000e+03
1.904125000000000000e+03
1.904000000000000000e+03
1.903875000000000000e+03
1.903750000000000000e+03
1.903625000000000000e+03
1.903500000000000000e+03
1.903375000000000000e+03
1.903250000000000000e+03
1.903125000000000000e+03
1.903000000000000000e+03
1.902875000000000000e+03
1.902750000000000000e+03
1.902625000000000000e+03
1.902500000000000000e+03
1.902375000000000000e+03
1.902250000000000000e+03
1.902125000000000000e+03
1.902000000000000000e+03
1.901875000000000000e+03
1.901750000000000000e+03
1.901625000000000000e+03
1.901500000000000000e+03
1.901375000000000000e+03
1.901250000000000000e+03
1.901125000000000000e+03
1.901000000000000000e+03
1.900875000000000000e+03
1.900750000000000000e+03
1.900625000000000000e+03
1.900500000000000000e+03
1.900375000000000000e+03
1.900250000000000000e+03
1.900125000000000000e+03
1.900000000000000000e+03
1.899875000000000000e+03
1.899750000000000000e+03
1.899625000000000000e+03
1.899500000000000000e+03
1.899375000000000000e+03
1.899250000000000000e+03
1.899125000000000000e+03
1.899000000000000000e+03
1.898875000000000000e+03
1.898750000000000000e+03
1.898625000000000000e+03
1.898500000000000000e+03
1.898375000000000000e+03
1.898250000000000000e+03
1.898125000000000000e+03
1.898000000000000000e+03
1.897875000000000000e+03
1.897750000000000000e+03
1.897625000000000000e+03
1.897500000000000000e+03
1.897375000000000000e+03
1.897250000000000000e+03
1.897125000000000000e+03
1.897000000000000000e+03
1.896875000000000000e+03
1.896750000000000000e+03
1.896625000000000000e+03
1.896500000000000000e+03
1.896375000000000000e+03
1.896250000000000000e+03
1.896125000000000000e+03
1.896000000000000000e+03
1.895875000000000000e+03
1.895750000000000000e+03
1.895625000000000000e+03
1.895500000000000000e+03
1.895375000000000000e+03
1.895250000000000000e+03
1.895125000000000000e+03
1.895000000000000000e+03
1.894875000000000000e+03
1.894750000000000000e+03
1.894625000000000000e+03
1.894500000000000000e+03
1.894375000000000000e+03
1.894250000000000000e+03
1.894125000000000000e+03
1.894000000000000000e+03
1.893875000000000000e+03
1.893750000000000000e+03
1.893625000000000000e+03
1.893500000000000000e+03
1.893375000000000000e+03
1.893250000000000000e+03
1.893125000000000000e+03
1.893000000000000000e+03
1.892875000000000000e+03
1.892750000000000000e+03
1.892625000000000000e+03
1.892500000000000000e+03
1.892375000000000000e+03
1.892250000000000000e+03
1.892125000000000000e+03
1.892000000000000000e+03
1.891875000000000000e+03
1.891750000000000000e+03
1.891625000000000000e+03
1.891500000000000000e+03
1.891375000000000000e+03
1.891250000000000000e+03
1.891125000000000000e+03
1.891000000000000000e+03
1.890875000000000000e+03
1.890750000000000000e+03
1.890625000000000000e+03
1.890500000000000000e+03
1.890375000000000000e+03
1.890250000000000000e+03
1.890125000000000000e+03
1.890000000000000000e+03
1.889875000000000000e+03
1.889750000000000000e+03
1.889625000000000000e+03
1.889500000000000000e+03
1.889375000000000000e+03
1.889250000000000000e+03
1.889125000000000000e+03
1.889000000000000000e+03
1.888875000000000000e+03
1.888750000000000000e+03
1.888625000000000000e+03
1.888500000000000000e+03
1.888375000000000000e+03
1.888250000000000000e+03
1.888125000000000000e+03
1.888000000000000000e+03
1.887875000000000000e+03
1.887750000000000000e+03
1.887625000000000000e+03
1.887500000000000000e+03
1.887375000000000000e+03
1.887250000000000000e+03
1.887125000000000000e+03
1.887000000000000000e+03
1.886875000000000000e+03
1.886750000000000000e+03
1.886625000000000000e+03
1.886500000000000000e+03
1.886375000000000000e+03
1.886250000000000000e+03
1.886125000000000000e+03
1.886000000000000000e+03
1.885875000000000000e+03
1.885750000000000000e+03
1.885625000000000000e+03
1.885500000000000000e+03
1.885375000000000000e+03
1.885250000000000000e+03
1.885125000000000000e+03
1.885000000000000000e+03
1.884875000000000000e+03
1.884750000000000000e+03
1.884625000000000000e+03
1.884500000000000000e+03
1.884375000000000000e+03
1.884250000000000000e+03
1.884125000000000000e+03
1.884000000000000000e+03
1.883875000000000000e+03
1.883750000000000000e+03
1.883625000000000000e+03
1.883500000000000000e+03
1.883375000000000000e+03
1.883250000000000000e+03
1.883125000000000000e+03
1.883000000000000000e+03
1.882875000000000000e+03
1.882750000000000000e+03
1.882625000000000000e+03
1.882500000000000000e+03
1.882375000000000000e+03
1.882250000000000000e+03
1.882125000000000000e+03
1.882000000000000000e+03
1.881875000000000000e+03
1.881750000000000000e+03
1.881625000000000000e+03
1.881500000000000000e+03
1.881375000000000000e+03
1.881250000000000000e+03
1.881125000000000000e+03
1.881000000000000000e+03
1.880875000000000000e+03
1.880750000000000000e+03
1.880625000000000000e+03
1.880500000000000000e+03
1.880375000000000000e+03
1.880250000000000000e+03
1.880125000000000000e+03
1.880000000000000000e+03
1.879875000000000000e+03
1.879750000000000000e+03
1.879625000000000000e+03
1.879500000000000000e+03
1.879375000000000000e+03
1.879250000000000000e+03
1.879125000000000000e+03
1.879000000000000000e+03
1.878875000000000000e+03
1.878750000000000000e+03
1.878625000000000000e+03
1.878500000000000000e+03
1.878375000000000000e+03
1.878250000000000000e+03
1.878125000000000000e+03
1.878000000000000000e+03
1.877875000000000000e+03
1.877750000000000000e+03
1.877625000000000000e+03
1.877500000000000000e+03
1.877375000000000000e+03
1.877250000000000000e+03
1.877125000000000000e+03
1.877000000000000000e+03
1.876875000000000000e+03
1.876750000000000000e+03
1.876625000000000000e+03
1.876500000000000000e+03
1.876375000000000000e+03
1.876250000000000000e+03
1.876125000000000000e+03
1.876000000000000000e+03
1.875875000000000000e+03
1.875750000000000000e+03
1.875625000000000000e+03
1.875500000000000000e+03
1.875375000000000000e+03
1.875250000000000000e+03
1.875125000000000000e+03
1.875000000000000000e+03
1.874875000000000000e+03
1.874750000000000000e+03
1.874625000000000000e+03
1.874500000000000000e+03
1.874375000000000000e+03
1.874250000000000000e+03
1.874125000000000000e+03
1.874000000000000000e+03
1.873875000000000000e+03
1.873750000000000000e+03
1.873625000000000000e+03
1.873500000000000000e+03
1.873375000000000000e+03
1.873250000000000000e+03
1.873125000000000000e+03
1.873000000000000000e+03
1.872875000000000000e+03
1.872750000000000000e+03
1.872625000000000000e+03
1.872500000000000000e+03
1.872375000000000000e+03
1.872250000000000000e+03
1.872125000000000000e+03
1.872000000000000000e+03
1.871875000000000000e+03
1.871750000000000000e+03
1.871625000000000000e+03
1.871500000000000000e+03
1.871375000000000000e+03
1.871250000000000000e+03
1.871125000000000000e+03
1.871000000000000000e+03
1.870875000000000000e+03
1.870750000000000000e+03
1.870625000000000000e+03
1.870500000000000000e+03
1.870375000000000000e+03
1.870250000000000000e+03
1.870125000000000000e+03
1.870000000000000000e+03
1.869875000000000000e+03
1.869750000000000000e+03
1.869625000000000000e+03
1.869500000000000000e+03
1.869375000000000000e+03
1.869250000000000000e+03
1.869125000000000000e+03
1.869000000000000000e+03
1.868875000000000000e+03
1.868750000000000000e+03
1.868625000000000000e+03
1.868500000000000000e+03
1.868375000000000000e+03
1.868250000000000000e+03
1.868125000000000000e+03
1.868000000000000000e+03
1.867875000000000000e+03
1.867750000000000000e+03
1.867625000000000000e+03
1.867500000000000000e+03
1.867375000000000000e+03
1.867250000000000000e+03
1.867125000000000000e+03
1.867000000000000000e+03
1.866875000000000000e+03
1.866750000000000000e+03
1.866625000000000000e+03
1.866500000000000000e+03
1.866375000000000000e+03
1.866250000000000000e+03
1.866125000000000000e+03
1.866000000000000000e+03
1.865875000000000000e+03
1.865750000000000000e+03
1.865625000000000000e+03
1.865500000000000000e+03
1.865375000000000000e+03
1.865250000000000000e+03
1.865125000000000000e+03
1.865000000000000000e+03
1.864875000000000000e+03
1.864750000000000000e+03
1.864625000000000000e+03
1.864500000000000000e+03
1.864375000000000000e+03
1.864250000000000000e+03
1.864125000000000000e+03
1.864000000000000000e+03
1.863875000000000000e+03
1.863750000000000000e+03
1.863625000000000000e+03
1.863500000000000000e+03
1.863375000000000000e+03
1.863250000000000000e+03
1.863125000000000000e+03
1.863000000000000000e+03
1.862875000000000000e+03
1.862750000000000000e+03
1.862625000000000000e+03
1.862500000000000000e+03
1.862375000000000000e+03
1.862250000000000000e+03
1.862125000000000000e+03
1.862000000000000000e+03
1.861875000000000000e+03
1.861750000000000000e+03
1.861625000000000000e+03
1.861500000000000000e+03
1.861375000000000000e+03
1.861250000000000000e+03
1.861125000000000000e+03
1.861000000000000000e+03
1.860875000000000000e+03
1.860750000000000000e+03
1.860625000000000000e+03
1.860500000000000000e+03
1.860375000000000000e+03
1.860250000000000000e+03
1.860125000000000000e+03
1.860000000000000000e+03
1.859875000000000000e+03
1.859750000000000000e+03
1.859625000000000000e+03
1.859500000000000000e+03
1.859375000000000000e+03
1.859250000000000000e+03
1.859125000000000000e+03
1.859000000000000000e+03
1.858875000000000000e+03
1.858750000000000000e+03
1.858625000000000000e+03
1.858500000000000000e+03
1.858375000000000000e+03
1.858250000000000000e+03
1.858125000000000000e+03
1.858000000000000000e+03
1.857875000000000000e+03
1.857750000000000000e+03
1.857625000000000000e+03
1.857500000000000000e+03
1.857375000000000000e+03
1.857250000000000000e+03
1.857125000000000000e+03
1.857000000000000000e+03
1.856875000000000000e+03
1.856750000000000000e+03
1.856625000000000000e+03
1.856500000000000000e+03
1.856375000000000000e+03
1.856250000000000000e+03
1.856125000000000000e+03
1.856000000000000000e+03
1.855875000000000000e+03
1.855750000000000000e+03
1.855625000000000000e+03
1.855500000000000000e+03
1.855375000000000000e+03
1.855250000000000000e+03
1.855125000000000000e+03
1.855000000000000000e+03
1.854875000000000000e+03
1.854750000000000000e+03
1.854625000000000000e+03
1.854500000000000000e+03
1.854375000000000000e+03
1.854250000000000000e+03
1.854125000000000000e+03
1.854000000000000000e+03
1.853875000000000000e+03
1.853750000000000000e+03
1.853625000000000000e+03
1.853500000000000000e+03
1.853375000000000000e+03
1.853250000000000000e+03
1.853125000000000000e+03
1.853000000000000000e+03
1.852875000000000000e+03
1.852750000000000000e+03
1.852625000000000000e+03
1.852500000000000000e+03
1.852375000000000000e+03
1.852250000000000000e+03
1.852125000000000000e+03
1.852000000000000000e+03
1.851875000000000000e+03
1.851750000000000000e+03
1.851625000000000000e+03
1.851500000000000000e+03
1.851375000000000000e+03
1.851250000000000000e+03
1.851125000000000000e+03
1.851000000000000000e+03
1.850875000000000000e+03
1.850750000000000000e+03
1.850625000000000000e+03
1.850500000000000000e+03
1.850375000000000000e+03
1.850250000000000000e+03
1.850125000000000000e+03
1.850000000000000000e+03
1.849875000000000000e+03
1.849750000000000000e+03
1.849625000000000000e+03
1.849500000000000000e+03
1.849375000000000000e+03
1.849250000000000000e+03
1.849125000000000000e+03
1.849000000000000000e+03
1.848875000000000000e+03
1.848750000000000000e+03
1.848625000000000000e+03
1.848500000000000000e+03
1.848375000000000000e+03
1.848250000000000000e+03
1.848125000000000000e+03
1.848000000000000000e+03
1.847875000000000000e+03
1.847750000000000000e+03
1.847625000000000000e+03
1.847500000000000000e+03
1.847375000000000000e+03
1.847250000000000000e+03
1.847125000000000000e+03
1.847000000000000000e+03
1.846875000000000000e+03
1.846750000000000000e+03
1.846625000000000000e+03
1.846500000000000000e+03
1.846375000000000000e+03
1.846250000000000000e+03
1.846125000000000000e+03
1.846000000000000000e+03
1.845875000000000000e+03
1.845750000000000000e+03
1.845625000000000000e+03
1.845500000000000000e+03
1.845375000000000000e+03
1.845250000000000000e+03
1.845125000000000000e+03
1.845000000000000000e+03
1.844875000000000000e+03
1.844750000000000000e+03
1.844625000000000000e+03
1.844500000000000000e+03
1.844375000000000000e+03
1.844250000000000000e+03
1.844125000000000000e+03
1.844000000000000000e+03
1.843875000000000000e+03
1.843750000000000000e+03
1.843625000000000000e+03
1.843500000000000000e+03
1.843375000000000000e+03
1.843250000000000000e+03
1.843125000000000000e+03
1.843000000000000000e+03
1.842875000000000000e+03
1.842750000000000000e+03
1.842625000000000000e+03
1.842500000000000000e+03
1.842375000000000000e+03
1.842250000000000000e+03
1.842125000000000000e+03
1.842000000000000000e+03
1.841875000000000000e+03
1.841750000000000000e+03
1.841625000000000000e+03
1.841500000000000000e+03
1.841375000000000000e+03
1.841250000000000000e+03
1.841125000000000000e+03
1.841000000000000000e+03
1.840875000000000000e+03
1.840750000000000000e+03
1.840625000000000000e+03
1.840500000000000000e+03
1.840375000000000000e+03
1.840250000000000000e+03
1.840125000000000000e+03
1.840000000000000000e+03
1.839875000000000000e+03
1.839750000000000000e+03
1.839625000000000000e+03
1.839500000000000000e+03
1.839375000000000000e+03
1.839250000000000000e+03
1.839125000000000000e+03
1.839000000000000000e+03
1.838875000000000000e+03
1.838750000000000000e+03
1.838625000000000000e+03
1.838500000000000000e+03
1.838375000000000000e+03
1.838250000000000000e+03
1.838125000000000000e+03
1.838000000000000000e+03
1.837875000000000000e+03
1.837750000000000000e+03
1.837625000000000000e+03
1.837500000000000000e+03
1.837375000000000000e+03
1.837250000000000000e+03
1.837125000000000000e+03
1.837000000000000000e+03
1.836875000000000000e+03
1.836750000000000000e+03
1.836625000000000000e+03
1.836500000000000000e+03
1.836375000000000000e+03
1.836250000000000000e+03
1.836125000000000000e+03
1.836000000000000000e+03
1.835875000000000000e+03
1.835750000000000000e+03
1.835625000000000000e+03
1.835500000000000000e+03
1.835375000000000000e+03
1.835250000000000000e+03
1.835125000000000000e+03
1.835000000000000000e+03
1.834875000000000000e+03
1.834750000000000000e+03
1.834625000000000000e+03
1.834500000000000000e+03
1.834375000000000000e+03
1.834250000000000000e+03
1.834125000000000000e+03
1.834000000000000000e+03
1.833875000000000000e+03
1.833750000000000000e+03
1.833625000000000000e+03
1.833500000000000000e+03
1.833375000000000000e+03
1.833250000000000000e+03
1.833125000000000000e+03
1.833000000000000000e+03
1.832875000000000000e+03
1.832750000000000000e+03
1.832625000000000000e+03
1.832500000000000000e+03
1.832375000000000000e+03
1.832250000000000000e+03
1.832125000000000000e+03
1.832000000000000000e+03
1.831875000000000000e+03
1.831750000000000000e+03
1.831625000000000000e+03
1.831500000000000000e+03
1.831375000000000000e+03
1.831250000000000000e+03
1.831125000000000000e+03
1.831000000000000000e+03
1.830875000000000000e+03
1.830750000000000000e+03
1.830625000000000000e+03
1.830500000000000000e+03
1.830375000000000000e+03
1.830250000000000000e+03
1.830125000000000000e+03
1.830000000000000000e+03
1.829875000000000000e+03
1.829750000000000000e+03
1.829625000000000000e+03
1.829500000000000000e+03
1.829375000000000000e+03
1.829250000000000000e+03
1.829125000000000000e+03
1.829000000000000000e+03
1.828875000000000000e+03
1.828750000000000000e+03
1.828625000000000000e+03
1.828500000000000000e+03
1.828375000000000000e+03
1.828250000000000000e+03
1.828125000000000000e+03
1.828000000000000000e+03
1.827875000000000000e+03
1.827750000000000000e+03
1.827625000000000000e+03
1.827500000000000000e+03
1.827375000000000000e+03
1.827250000000000000e+03
1.827125000000000000e+03
1.827000000000000000e+03
1.826875000000000000e+03
1.826750000000000000e+03
1.826625000000000000e+03
1.826500000000000000e+03
1.826375000000000000e+03
1.826250000000000000e+03
1.826125000000000000e+03
1.826000000000000000e+03
1.825875000000000000e+03
1.825750000000000000e+03
1.825625000000000000e+03
1.825500000000000000e+03
1.825375000000000000e+03
1.825250000000000000e+03
1.825125000000000000e+03
1.825000000000000000e+03
1.824875000000000000e+03
1.824750000000000000e+03
1.824625000000000000e+03
1.824500000000000000e+03
1.824375000000000000e+03
1.824250000000000000e+03
1.824125000000000000e+03
1.824000000000000000e+03
1.823875000000000000e+03
1.823750000000000000e+03
1.823625000000000000e+03
1.823500000000000000e+03
1.823375000000000000e+03
1.823250000000000000e+03
1.823125000000000000e+03
1.823000000000000000e+03
1.822875000000000000e+03
1.822750000000000000e+03
1.822625000000000000e+03
1.822500000000000000e+03
1.822375000000000000e+03
1.822250000000000000e+03
1.822125000000000000e+03
1.822000000000000000e+03
1.821875000000000000e+03
1.821750000000000000e+03
1.821625000000000000e+03
1.821500000000000000e+03
1.821375000000000000e+03
1.821250000000000000e+03
1.821125000000000000e+03
1.821000000000000000e+03
1.820875000000000000e+03
1.820750000000000000e+03
1.820625000000000000e+03
1.820500000000000000e+03
1.820375000000000000e+03
1.820250000000000000e+03
1.820125000000000000e+03
1.820000000000000000e+03
1.819875000000000000e+03
1.819750000000000000e+03
1.819625000000000000e+03
1.819500000000000000e+03
1.819375000000000000e+03
1.819250000000000000e+03
1.819125000000000000e+03
1.819000000000000000e+03
1.818875000000000000e+03
1.818750000000000000e+03
1.818625000000000000e+03
1.818500000000000000e+03
1.818375000000000000e+03
1.818250000000000000e+03
1.818125000000000000e+03
1.818000000000000000e+03
1.817875000000000000e+03
1.817750000000000000e+03
1.817625000000000000e+03
1.817500000000000000e+03
1.817375000000000000e+03
1.817250000000000000e+03
1.817125000000000000e+03
1.817000000000000000e+03
1.816875000000000000e+03
1.816750000000000000e+03
1.816625000000000000e+03
1.816500000000000000e+03
1.816375000000000000e+03
1.816250000000000000e+03
1.816125000000000000e+03
1.816000000000000000e+03
1.815875000000000000e+03
1.815750000000000000e+03
1.815625000000000000e+03
1.815500000000000000e+03
1.815375000000000000e+03
1.815250000000000000e+03
1.815125000000000000e+03
1.815000000000000000e+03
1.814875000000000000e+03
1.814750000000000000e+03
1.814625000000000000e+03
1.814500000000000000e+03
1.814375000000000000e+03
1.814250000000000000e+03
1.814125000000000000e+03
1.814000000000000000e+03
1.813875000000000000e+03
1.813750000000000000e+03
1.813625000000000000e+03
1.813500000000000000e+03
1.813375000000000000e+03
1.813250000000000000e+03
1.813125000000000000e+03
1.813000000000000000e+03
1.812875000000000000e+03
1.812750000000000000e+03
1.812625000000000000e+03
1.812500000000000000e+03
1.812375000000000000e+03
1.812250000000000000e+03
1.812125000000000000e+03
1.812000000000000000e+03
1.811875000000000000e+03
1.811750000000000000e+03
1.811625000000000000e+03
1.811500000000000000e+03
1.811375000000000000e+03
1.811250000000000000e+03
1.811125000000000000e+03
1.811000000000000000e+03
1.810875000000000000e+03
1.810750000000000000e+03
1.810625000000000000e+03
1.810500000000000000e+03
1.810375000000000000e+03
1.810250000000000000e+03
1.810125000000000000e+03
1.810000000000000000e+03
1.809875000000000000e+03
1.809750000000000000e+03
1.809625000000000000e+03
1.809500000000000000e+03
1.809375000000000000e+03
1.809250000000000000e+03
1.809125000000000000e+03
1.809000000000000000e+03
1.808875000000000000e+03
1.808750000000000000e+03
1.808625000000000000e+03
1.808500000000000000e+03
1.808375000000000000e+03
1.808250000000000000e+03
1.808125000000000000e+03
1.808000000000000000e+03
1.807875000000000000e+03
1.807750000000000000e+03
1.807625000000000000e+03
1.807500000000000000e+03
1.807375000000000000e+03
1.807250000000000000e+03
1.807125000000000000e+03
1.807000000000000000e+03
1.806875000000000000e+03
1.806750000000000000e+03
1.806625000000000000e+03
1.806500000000000000e+03
1.806375000000000000e+03
1.806250000000000000e+03
1.806125000000000000e+03
1.806000000000000000e+03
1.805875000000000000e+03
1.805750000000000000e+03
1.805625000000000000e+03
1.805500000000000000e+03
1.805375000000000000e+03
1.805250000000000000e+03
1.805125000000000000e+03
1.805000000000000000e+03
1.804875000000000000e+03
1.804750000000000000e+03
1.804625000000000000e+03
1.804500000000000000e+03
1.804375000000000000e+03
1.804250000000000000e+03
1.804125000000000000e+03
1.804000000000000000e+03
1.803875000000000000e+03
1.803750000000000000e+03
1.803625000000000000e+03
1.803500000000000000e+03
1.803375000000000000e+03
1.803250000000000000e+03
1.803125000000000000e+03
1.803000000000000000e+03
1.802875000000000000e+03
1.802750000000000000e+03
1.802625000000000000e+03
1.802500000000000000e+03
1.802375000000000000e+03
1.802250000000000000e+03
1.802125000000000000e+03
1.802000000000000000e+03
1.801875000000000000e+03
1.801750000000000000e+03
1.801625000000000000e+03
1.801500000000000000e+03
1.801375000000000000e+03
1.801250000000000000e+03
1.801125000000000000e+03
1.801000000000000000e+03
1.800875000000000000e+03
1.800750000000000000e+03
1.800625000000000000e+03
1.800500000000000000e+03
1.800375000000000000e+03
1.800250000000000000e+03
1.800125000000000000e+03
1.800000000000000000e+03
1.799875000000000000e+03
1.799750000000000000e+03
1.799625000000000000e+03
1.799500000000000000e+03
1.799375000000000000e+03
1.799250000000000000e+03
1.799125000000000000e+03
1.799000000000000000e+03
1.798875000000000000e+03
1.798750000000000000e+03
1.798625000000000000e+03
1.798500000000000000e+03
1.798375000000000000e+03
1.798250000000000000e+03
1.798125000000000000e+03
1.798000000000000000e+03
1.797875000000000000e+03
1.797750000000000000e+03
1.797625000000000000e+03
1.797500000000000000e+03
1.797375000000000000e+03
1.797250000000000000e+03
1.797125000000000000e+03
1.797000000000000000e+03
1.796875000000000000e+03
1.796750000000000000e+03
1.796625000000000000e+03
1.796500000000000000e+03
1.796375000000000000e+03
1.796250000000000000e+03
1.796125000000000000e+03
1.796000000000000000e+03
1.795875000000000000e+03
1.795750000000000000e+03
1.795625000000000000e+03
1.795500000000000000e+03
1.795375000000000000e+03
1.795250000000000000e+03
1.795125000000000000e+03
1.795000000000000000e+03
1.794875000000000000e+03
1.794750000000000000e+03
1.794625000000000000e+03
1.794500000000000000e+03
1.794375000000000000e+03
1.794250000000000000e+03
1.794125000000000000e+03
1.794000000000000000e+03
1.793875000000000000e+03
1.793750000000000000e+03
1.793625000000000000e+03
1.793500000000000000e+03
1.793375000000000000e+03
1.793250000000000000e+03
1.793125000000000000e+03
1.793000000000000000e+03
1.792875000000000000e+03
1.792750000000000000e+03
1.792625000000000000e+03
1.792500000000000000e+03
1.792375000000000000e+03
1.792250000000000000e+03
1.792125000000000000e+03
1.792000000000000000e+03
1.791875000000000000e+03
1.791750000000000000e+03
1.791625000000000000e+03
1.791500000000000000e+03
1.791375000000000000e+03
1.791250000000000000e+03
1.791125000000000000e+03
1.791000000000000000e+03
1.790875000000000000e+03
1.790750000000000000e+03
1.790625000000000000e+03
1.790500000000000000e+03
1.790375000000000000e+03
1.790250000000000000e+03
1.790125000000000000e+03
1.790000000000000000e+03
1.789875000000000000e+03
1.789750000000000000e+03
1.789625000000000000e+03
1.789500000000000000e+03
1.789375000000000000e+03
1.789250000000000000e+03
1.789125000000000000e+03
1.789000000000000000e+03
1.788875000000000000e+03
1.788750000000000000e+03
1.788625000000000000e+03
1.788500000000000000e+03
1.788375000000000000e+03
1.788250000000000000e+03
1.788125000000000000e+03
1.788000000000000000e+03
1.787875000000000000e+03
1.787750000000000000e+03
1.787625000000000000e+03
1.787500000000000000e+03
1.787375000000000000e+03
1.787250000000000000e+03
1.787125000000000000e+03
1.787000000000000000e+03
1.786875000000000000e+03
1.786750000000000000e+03
1.786625000000000000e+03
1.786500000000000000e+03
1.786375000000000000e+03
1.786250000000000000e+03
1.786125000000000000e+03
1.786000000000000000e+03
1.785875000000000000e+03
1.785750000000000000e+03
1.785625000000000000e+03
1.785500000000000000e+03
1.785375000000000000e+03
1.785250000000000000e+03
1.785125000000000000e+03
1.785000000000000000e+03
1.784875000000000000e+03
1.784750000000000000e+03
1.784625000000000000e+03
1.784500000000000000e+03
1.784375000000000000e+03
1.784250000000000000e+03
1.784125000000000000e+03
1.784000000000000000e+03
1.783875000000000000e+03
1.783750000000000000e+03
1.783625000000000000e+03
1.783500000000000000e+03
1.783375000000000000e+03
1.783250000000000000e+03
1.783125000000000000e+03
1.783000000000000000e+03
1.782875000000000000e+03
1.782750000000000000e+03
1.782625000000000000e+03
1.782500000000000000e+03
1.782375000000000000e+03
1.782250000000000000e+03
1.782125000000000000e+03
1.782000000000000000e+03
1.781875000000000000e+03
1.781750000000000000e+03
1.781625000000000000e+03
1.781500000000000000e+03
1.781375000000000000e+03
1.781250000000000000e+03
1.781125000000000000e+03
1.781000000000000000e+03
1.780875000000000000e+03
1.780750000000000000e+03
1.780625000000000000e+03
1.780500000000000000e+03
1.780375000000000000e+03
1.780250000000000000e+03
1.780125000000000000e+03
1.780000000000000000e+03
1.779875000000000000e+03
1.779750000000000000e+03
1.779625000000000000e+03
1.779500000000000000e+03
1.779375000000000000e+03
1.779250000000000000e+03
1.779125000000000000e+03
1.779000000000000000e+03
1.778875000000000000e+03
1.778750000000000000e+03
1.778625000000000000e+03
1.778500000000000000e+03
1.778375000000000000e+03
1.778250000000000000e+03
1.778125000000000000e+03
1.778000000000000000e+03
1.777875000000000000e+03
1.777750000000000000e+03
1.777625000000000000e+03
1.777500000000000000e+03
1.777375000000000000e+03
1.777250000000000000e+03
1.777125000000000000e+03
1.777000000000000000e+03
1.776875000000000000e+03
1.776750000000000000e+03
1.776625000000000000e+03
1.776500000000000000e+03
1.776375000000000000e+03
1.776250000000000000e+03
1.776125000000000000e+03
1.776000000000000000e+03
1.775875000000000000e+03
1.775750000000000000e+03
1.775625000000000000e+03
1.775500000000000000e+03
1.775375000000000000e+03
1.775250000000000000e+03
1.775125000000000000e+03
1.775000000000000000e+03
1.774875000000000000e+03
1.774750000000000000e+03
1.774625000000000000e+03
1.774500000000000000e+03
1.774375000000000000e+03
1.774250000000000000e+03
1.774125000000000000e+03
1.774000000000000000e+03
1.773875000000000000e+03
1.773750000000000000e+03
1.773625000000000000e+03
1.773500000000000000e+03
1.773375000000000000e+03
1.773250000000000000e+03
1.773125000000000000e+03
1.773000000000000000e+03
1.772875000000000000e+03
1.772750000000000000e+03
1.772625000000000000e+03
1.772500000000000000e+03
1.772375000000000000e+03
1.772250000000000000e+03
1.772125000000000000e+03
1.772000000000000000e+03
1.771875000000000000e+03
1.771750000000000000e+03
1.771625000000000000e+03
1.771500000000000000e+03
1.771375000000000000e+03
1.771250000000000000e+03
1.771125000000000000e+03
1.771000000000000000e+03
1.770875000000000000e+03
1.770750000000000000e+03
1.770625000000000000e+03
1.770500000000000000e+03
1.770375000000000000e+03
1.770250000000000000e+03
1.770125000000000000e+03
1.770000000000000000e+03
1.769875000000000000e+03
1.769750000000000000e+03
1.769625000000000000e+03
1.769500000000000000e+03
1.769375000000000000e+03
1.769250000000000000e+03
1.769125000000000000e+03
1.769000000000000000e+03
1.768875000000000000e+03
1.768750000000000000e+03
1.768625000000000000e+03
1.768500000000000000e+03
1.768375000000000000e+03
1.768250000000000000e+03
1.768125000000000000e+03
1.768000000000000000e+03
1.767875000000000000e+03
1.767750000000000000e+03
1.767625000000000000e+03
1.767500000000000000e+03
1.767375000000000000e+03
1.767250000000000000e+03
1.767125000000000000e+03
1.767000000000000000e+03
1.766875000000000000e+03
1.766750000000000000e+03
1.766625000000000000e+03
1.766500000000000000e+03
1.766375000000000000e+03
1.766250000000000000e+03
1.766125000000000000e+03
1.766000000000000000e+03
1.765875000000000000e+03
1.765750000000000000e+03
1.765625000000000000e+03
1.765500000000000000e+03
1.765375000000000000e+03
1.765250000000000000e+03
1.765125000000000000e+03
1.765000000000000000e+03
1.764875000000000000e+03
1.764750000000000000e+03
1.764625000000000000e+03
1.764500000000000000e+03
1.764375000000000000e+03
1.764250000000000000e+03
1.764125000000000000e+03
1.764000000000000000e+03
1.763875000000000000e+03
1.763750000000000000e+03
1.763625000000000000e+03
1.763500000000000000e+03
1.763375000000000000e+03
1.763250000000000000e+03
1.763125000000000000e+03
1.763000000000000000e+03
1.762875000000000000e+03
1.762750000000000000e+03
1.762625000000000000e+03
1.762500000000000000e+03
1.762375000000000000e+03
1.762250000000000000e+03
1.762125000000000000e+03
1.762000000000000000e+03
1.761875000000000000e+03
1.761750000000000000e+03
1.761625000000000000e+03
1.761500000000000000e+03
1.761375000000000000e+03
1.761250000000000000e+03
1.761125000000000000e+03
1.761000000000000000e+03
1.760875000000000000e+03
1.760750000000000000e+03
1.760625000000000000e+03
1.760500000000000000e+03
1.760375000000000000e+03
1.760250000000000000e+03
1.760125000000000000e+03
1.760000000000000000e+03
1.759875000000000000e+03
1.759750000000000000e+03
1.759625000000000000e+03
1.759500000000000000e+03
1.759375000000000000e+03
1.759250000000000000e+03
1.759125000000000000e+03
1.759000000000000000e+03
1.758875000000000000e+03
1.758750000000000000e+03
1.758625000000000000e+03
1.758500000000000000e+03
1.758375000000000000e+03
1.758250000000000000e+03
1.758125000000000000e+03
1.758000000000000000e+03
1.757875000000000000e+03
1.757750000000000000e+03
1.757625000000000000e+03
1.757500000000000000e+03
1.757375000000000000e+03
1.757250000000000000e+03
1.757125000000000000e+03
1.757000000000000000e+03
1.756875000000000000e+03
1.756750000000000000e+03
1.756625000000000000e+03
1.756500000000000000e+03
1.756375000000000000e+03
1.756250000000000000e+03
1.756125000000000000e+03
1.756000000000000000e+03
1.755875000000000000e+03
1.755750000000000000e+03
1.755625000000000000e+03
1.755500000000000000e+03
1.755375000000000000e+03
1.755250000000000000e+03
1.755125000000000000e+03
1.755000000000000000e+03
1.754875000000000000e+03
1.754750000000000000e+03
1.754625000000000000e+03
1.754500000000000000e+03
1.754375000000000000e+03
1.754250000000000000e+03
1.754125000000000000e+03
1.754000000000000000e+03
1.753875000000000000e+03
1.753750000000000000e+03
1.753625000000000000e+03
1.753500000000000000e+03
1.753375000000000000e+03
1.753250000000000000e+03
1.753125000000000000e+03
1.753000000000000000e+03
1.752875000000000000e+03
1.752750000000000000e+03
1.752625000000000000e+03
1.752500000000000000e+03
1.752375000000000000e+03
1.752250000000000000e+03
1.752125000000000000e+03
1.752000000000000000e+03
1.751875000000000000e+03
1.751750000000000000e+03
1.751625000000000000e+03
1.751500000000000000e+03
1.751375000000000000e+03
1.751250000000000000e+03
1.751125000000000000e+03
1.751000000000000000e+03
1.750875000000000000e+03
1.750750000000000000e+03
1.750625000000000000e+03
1.750500000000000000e+03
1.750375000000000000e+03
1.750250000000000000e+03
1.750125000000000000e+03
1.750000000000000000e+03
1.749875000000000000e+03
1.749750000000000000e+03
1.749625000000000000e+03
1.749500000000000000e+03
1.749375000000000000e+03
1.749250000000000000e+03
1.749125000000000000e+03
1.749000000000000000e+03
1.748875000000000000e+03
1.748750000000000000e+03
1.748625000000000000e+03
1.748500000000000000e+03
1.748375000000000000e+03
1.748250000000000000e+03
1.748125000000000000e+03
1.748000000000000000e+03
1.747875000000000000e+03
1.747750000000000000e+03
1.747625000000000000e+03
1.747500000000000000e+03
1.747375000000000000e+03
1.747250000000000000e+03
1.747125000000000000e+03
1.747000000000000000e+03
1.746875000000000000e+03
1.746750000000000000e+03
1.746625000000000000e+03
1.746500000000000000e+03
1.746375000000000000e+03
1.746250000000000000e+03
1.746125000000000000e+03
1.746000000000000000e+03
1.745875000000000000e+03
1.745750000000000000e+03
1.745625000000000000e+03
1.745500000000000000e+03
1.745375000000000000e+03
1.745250000000000000e+03
1.745125000000000000e+03
1.745000000000000000e+03
1.744875000000000000e+03
1.744750000000000000e+03
1.744625000000000000e+03
1.744500000000000000e+03
1.744375000000000000e+03
1.744250000000000000e+03
1.744125000000000000e+03
1.744000000000000000e+03
1.743875000000000000e+03
1.743750000000000000e+03
1.743625000000000000e+03
1.743500000000000000e+03
1.743375000000000000e+03
1.743250000000000000e+03
1.743125000000000000e+03
1.743000000000000000e+03
1.742875000000000000e+03
1.742750000000000000e+03
1.742625000000000000e+03
1.742500000000000000e+03
1.742375000000000000e+03
1.742250000000000000e+03
1.742125000000000000e+03
1.742000000000000000e+03
1.741875000000000000e+03
1.741750000000000000e+03
1.741625000000000000e+03
1.741500000000000000e+03
1.741375000000000000e+03
1.741250000000000000e+03
1.741125000000000000e+03
1.741000000000000000e+03
1.740875000000000000e+03
1.740750000000000000e+03
1.740625000000000000e+03
1.740500000000000000e+03
1.740375000000000000e+03
1.740250000000000000e+03
1.740125000000000000e+03
1.740000000000000000e+03
1.739875000000000000e+03
1.739750000000000000e+03
1.739625000000000000e+03
1.739500000000000000e+03
1.739375000000000000e+03
1.739250000000000000e+03
1.739125000000000000e+03
1.739000000000000000e+03
1.738875000000000000e+03
1.738750000000000000e+03
1.738625000000000000e+03
1.738500000000000000e+03
1.738375000000000000e+03
1.738250000000000000e+03
1.738125000000000000e+03
1.738000000000000000e+03
1.737875000000000000e+03
1.737750000000000000e+03
1.737625000000000000e+03
1.737500000000000000e+03
1.737375000000000000e+03
1.737250000000000000e+03
1.737125000000000000e+03
1.737000000000000000e+03
1.736875000000000000e+03
1.736750000000000000e+03
1.736625000000000000e+03
1.736500000000000000e+03
1.736375000000000000e+03
1.736250000000000000e+03
1.736125000000000000e+03
1.736000000000000000e+03
1.735875000000000000e+03
1.735750000000000000e+03
1.735625000000000000e+03
1.735500000000000000e+03
1.735375000000000000e+03
1.735250000000000000e+03
1.735125000000000000e+03
1.735000000000000000e+03
1.734875000000000000e+03
1.734750000000000000e+03
1.734625000000000000e+03
1.734500000000000000e+03
1.734375000000000000e+03
1.734250000000000000e+03
1.734125000000000000e+03
1.734000000000000000e+03
1.733875000000000000e+03
1.733750000000000000e+03
1.733625000000000000e+03
1.733500000000000000e+03
1.733375000000000000e+03
1.733250000000000000e+03
1.733125000000000000e+03
1.733000000000000000e+03
1.732875000000000000e+03
1.732750000000000000e+03
1.732625000000000000e+03
1.732500000000000000e+03
1.732375000000000000e+03
1.732250000000000000e+03
1.732125000000000000e+03
1.732000000000000000e+03
1.731875000000000000e+03
1.731750000000000000e+03
1.731625000000000000e+03
1.731500000000000000e+03
1.731375000000000000e+03
1.731250000000000000e+03
1.731125000000000000e+03
1.731000000000000000e+03
1.730875000000000000e+03
1.730750000000000000e+03
1.730625000000000000e+03
1.730500000000000000e+03
1.730375000000000000e+03
1.730250000000000000e+03
1.730125000000000000e+03
1.730000000000000000e+03
1.729875000000000000e+03
1.729750000000000000e+03
1.729625000000000000e+03
1.729500000000000000e+03
1.729375000000000000e+03
1.729250000000000000e+03
1.729125000000000000e+03
1.729000000000000000e+03
1.728875000000000000e+03
1.728750000000000000e+03
1.728625000000000000e+03
1.728500000000000000e+03
1.728375000000000000e+03
1.728250000000000000e+03
1.728125000000000000e+03
1.728000000000000000e+03
1.727875000000000000e+03
1.727750000000000000e+03
1.727625000000000000e+03
1.727500000000000000e+03
1.727375000000000000e+03
1.727250000000000000e+03
1.727125000000000000e+03
1.727000000000000000e+03
1.726875000000000000e+03
1.726750000000000000e+03
1.726625000000000000e+03
1.726500000000000000e+03
1.726375000000000000e+03
1.726250000000000000e+03
1.726125000000000000e+03
1.726000000000000000e+03
1.725875000000000000e+03
1.725750000000000000e+03
1.725625000000000000e+03
1.725500000000000000e+03
1.725375000000000000e+03
1.725250000000000000e+03
1.725125000000000000e+03
1.725000000000000000e+03
1.724875000000000000e+03
1.724750000000000000e+03
1.724625000000000000e+03
1.724500000000000000e+03
1.724375000000000000e+03
1.724250000000000000e+03
1.724125000000000000e+03
1.724000000000000000e+03
1.723875000000000000e+03
1.723750000000000000e+03
1.723625000000000000e+03
1.723500000000000000e+03
1.723375000000000000e+03
1.723250000000000000e+03
1.723125000000000000e+03
1.723000000000000000e+03
1.722875000000000000e+03
1.722750000000000000e+03
1.722625000000000000e+03
1.722500000000000000e+03
1.722375000000000000e+03
1.722250000000000000e+03
1.722125000000000000e+03
1.722000000000000000e+03
1.721875000000000000e+03
1.721750000000000000e+03
1.721625000000000000e+03
1.721500000000000000e+03
1.721375000000000000e+03
1.721250000000000000e+03
1.721125000000000000e+03
1.721000000000000000e+03
1.720875000000000000e+03
1.720750000000000000e+03
1.720625000000000000e+03
1.720500000000000000e+03
1.720375000000000000e+03
1.720250000000000000e+03
1.720125000000000000e+03
1.720000000000000000e+03
1.719875000000000000e+03
1.719750000000000000e+03
1.719625000000000000e+03
1.719500000000000000e+03
1.719375000000000000e+03
1.719250000000000000e+03
1.719125000000000000e+03
1.719000000000000000e+03
1.718875000000000000e+03
1.718750000000000000e+03
1.718625000000000000e+03
1.718500000000000000e+03
1.718375000000000000e+03
1.718250000000000000e+03
1.718125000000000000e+03
1.718000000000000000e+03
1.717875000000000000e+03
1.717750000000000000e+03
1.717625000000000000e+03
1.717500000000000000e+03
1.717375000000000000e+03
1.717250000000000000e+03
1.717125000000000000e+03
1.717000000000000000e+03
1.716875000000000000e+03
1.716750000000000000e+03
1.716625000000000000e+03
1.716500000000000000e+03
1.716375000000000000e+03
1.716250000000000000e+03
1.716125000000000000e+03
1.716000000000000000e+03
1.715875000000000000e+03
1.715750000000000000e+03
1.715625000000000000e+03
1.715500000000000000e+03
1.715375000000000000e+03
1.715250000000000000e+03
1.715125000000000000e+03
1.715000000000000000e+03
1.714875000000000000e+03
1.714750000000000000e+03
1.714625000000000000e+03
1.714500000000000000e+03
1.714375000000000000e+03
1.714250000000000000e+03
1.714125000000000000e+03
1.714000000000000000e+03
1.713875000000000000e+03
1.713750000000000000e+03
1.713625000000000000e+03
1.713500000000000000e+03
1.713375000000000000e+03
1.713250000000000000e+03
1.713125000000000000e+03
1.713000000000000000e+03
1.712875000000000000e+03
1.712750000000000000e+03
1.712625000000000000e+03
1.712500000000000000e+03
1.712375000000000000e+03
1.712250000000000000e+03
1.712125000000000000e+03
1.712000000000000000e+03
1.711875000000000000e+03
1.711750000000000000e+03
1.711625000000000000e+03
1.711500000000000000e+03
1.711375000000000000e+03
1.711250000000000000e+03
1.711125000000000000e+03
1.711000000000000000e+03
1.710875000000000000e+03
1.710750000000000000e+03
1.710625000000000000e+03
1.710500000000000000e+03
1.710375000000000000e+03
1.710250000000000000e+03
1.710125000000000000e+03
1.710000000000000000e+03
1.709875000000000000e+03
1.709750000000000000e+03
1.709625000000000000e+03
1.709500000000000000e+03
1.709375000000000000e+03
1.709250000000000000e+03
1.709125000000000000e+03
1.709000000000000000e+03
1.708875000000000000e+03
1.708750000000000000e+03
1.708625000000000000e+03
1.708500000000000000e+03
1.708375000000000000e+03
1.708250000000000000e+03
1.708125000000000000e+03
1.708000000000000000e+03
1.707875000000000000e+03
1.707750000000000000e+03
1.707625000000000000e+03
1.707500000000000000e+03
1.707375000000000000e+03
1.707250000000000000e+03
1.707125000000000000e+03
1.707000000000000000e+03
1.706875000000000000e+03
1.706750000000000000e+03
1.706625000000000000e+03
1.706500000000000000e+03
1.706375000000000000e+03
1.706250000000000000e+03
1.706125000000000000e+03
1.706000000000000000e+03
1.705875000000000000e+03
1.705750000000000000e+03
1.705625000000000000e+03
1.705500000000000000e+03
1.705375000000000000e+03
1.705250000000000000e+03
1.705125000000000000e+03
1.705000000000000000e+03
1.704875000000000000e+03
1.704750000000000000e+03
1.704625000000000000e+03
1.704500000000000000e+03
1.704375000000000000e+03
1.704250000000000000e+03
1.704125000000000000e+03
1.704000000000000000e+03
1.703875000000000000e+03
1.703750000000000000e+03
1.703625000000000000e+03
1.703500000000000000e+03
1.703375000000000000e+03
1.703250000000000000e+03
1.703125000000000000e+03
1.703000000000000000e+03
1.702875000000000000e+03
1.702750000000000000e+03
1.702625000000000000e+03
1.702500000000000000e+03
1.702375000000000000e+03
1.702250000000000000e+03
1.702125000000000000e+03
1.702000000000000000e+03
1.701875000000000000e+03
1.701750000000000000e+03
1.701625000000000000e+03
1.701500000000000000e+03
1.701375000000000000e+03
1.701250000000000000e+03
1.701125000000000000e+03
1.701000000000000000e+03
1.700875000000000000e+03
1.700750000000000000e+03
1.700625000000000000e+03
1.700500000000000000e+03
1.700375000000000000e+03
1.700250000000000000e+03
1.700125000000000000e+03
1.700000000000000000e+03
1.699875000000000000e+03
1.699750000000000000e+03
1.699625000000000000e+03
1.699500000000000000e+03
1.699375000000000000e+03
1.699250000000000000e+03
1.699125000000000000e+03
1.699000000000000000e+03
1.698875000000000000e+03
1.698750000000000000e+03
1.698625000000000000e+03
1.698500000000000000e+03
1.698375000000000000e+03
1.698250000000000000e+03
1.698125000000000000e+03
1.698000000000000000e+03
1.697875000000000000e+03
1.697750000000000000e+03
1.697625000000000000e+03
1.697500000000000000e+03
1.697375000000000000e+03
1.697250000000000000e+03
1.697125000000000000e+03
1.697000000000000000e+03
1.696875000000000000e+03
1.696750000000000000e+03
1.696625000000000000e+03
1.696500000000000000e+03
1.696375000000000000e+03
1.696250000000000000e+03
1.696125000000000000e+03
1.696000000000000000e+03
1.695875000000000000e+03
1.695750000000000000e+03
1.695625000000000000e+03
1.695500000000000000e+03
1.695375000000000000e+03
1.695250000000000000e+03
1.695125000000000000e+03
1.695000000000000000e+03
1.694875000000000000e+03
1.694750000000000000e+03
1.694625000000000000e+03
1.694500000000000000e+03
1.694375000000000000e+03
1.694250000000000000e+03
1.694125000000000000e+03
1.694000000000000000e+03
1.693875000000000000e+03
1.693750000000000000e+03
1.693625000000000000e+03
1.693500000000000000e+03
1.693375000000000000e+03
1.693250000000000000e+03
1.693125000000000000e+03
1.693000000000000000e+03
1.692875000000000000e+03
1.692750000000000000e+03
1.692625000000000000e+03
1.692500000000000000e+03
1.692375000000000000e+03
1.692250000000000000e+03
1.692125000000000000e+03
1.692000000000000000e+03
1.691875000000000000e+03
1.691750000000000000e+03
1.691625000000000000e+03
1.691500000000000000e+03
1.691375000000000000e+03
1.691250000000000000e+03
1.691125000000000000e+03
1.691000000000000000e+03
1.690875000000000000e+03
1.690750000000000000e+03
1.690625000000000000e+03
1.690500000000000000e+03
1.690375000000000000e+03
1.690250000000000000e+03
1.690125000000000000e+03
1.690000000000000000e+03
1.689875000000000000e+03
1.689750000000000000e+03
1.689625000000000000e+03
1.689500000000000000e+03
1.689375000000000000e+03
1.689250000000000000e+03
1.689125000000000000e+03
1.689000000000000000e+03
1.688875000000000000e+03
1.688750000000000000e+03
1.688625000000000000e+03
1.688500000000000000e+03
1.688375000000000000e+03
1.688250000000000000e+03
1.688125000000000000e+03
1.688000000000000000e+03
1.687875000000000000e+03
1.687750000000000000e+03
1.687625000000000000e+03
1.687500000000000000e+03
1.687375000000000000e+03
1.687250000000000000e+03
1.687125000000000000e+03
1.687000000000000000e+03
1.686875000000000000e+03
1.686750000000000000e+03
1.686625000000000000e+03
1.686500000000000000e+03
1.686375000000000000e+03
1.686250000000000000e+03
1.686125000000000000e+03
1.686000000000000000e+03
1.685875000000000000e+03
1.685750000000000000e+03
1.685625000000000000e+03
1.685500000000000000e+03
1.685375000000000000e+03
1.685250000000000000e+03
1.685125000000000000e+03
1.685000000000000000e+03
1.684875000000000000e+03
1.684750000000000000e+03
1.684625000000000000e+03
1.684500000000000000e+03
1.684375000000000000e+03
1.684250000000000000e+03
1.684125000000000000e+03
1.684000000000000000e+03
1.683875000000000000e+03
1.683750000000000000e+03
1.683625000000000000e+03
1.683500000000000000e+03
1.683375000000000000e+03
1.683250000000000000e+03
1.683125000000000000e+03
1.683000000000000000e+03
1.682875000000000000e+03
1.682750000000000000e+03
1.682625000000000000e+03
1.682500000000000000e+03
1.682375000000000000e+03
1.682250000000000000e+03
1.682125000000000000e+03
1.682000000000000000e+03
1.681875000000000000e+03
1.681750000000000000e+03
1.681625000000000000e+03
1.681500000000000000e+03
1.681375000000000000e+03
1.681250000000000000e+03
1.681125000000000000e+03
1.681000000000000000e+03
1.680875000000000000e+03
1.680750000000000000e+03
1.680625000000000000e+03
1.680500000000000000e+03
1.680375000000000000e+03
1.680250000000000000e+03
1.680125000000000000e+03
1.680000000000000000e+03
1.679875000000000000e+03
1.679750000000000000e+03
1.679625000000000000e+03
1.679500000000000000e+03
1.679375000000000000e+03
1.679250000000000000e+03
1.679125000000000000e+03
1.679000000000000000e+03
1.678875000000000000e+03
1.678750000000000000e+03
1.678625000000000000e+03
1.678500000000000000e+03
1.678375000000000000e+03
1.678250000000000000e+03
1.678125000000000000e+03
1.678000000000000000e+03
1.677875000000000000e+03
1.677750000000000000e+03
1.677625000000000000e+03
1.677500000000000000e+03
1.677375000000000000e+03
1.677250000000000000e+03
1.677125000000000000e+03
1.677000000000000000e+03
1.676875000000000000e+03
1.676750000000000000e+03
1.676625000000000000e+03
1.676500000000000000e+03
1.676375000000000000e+03
1.676250000000000000e+03
1.676125000000000000e+03
1.676000000000000000e+03
1.675875000000000000e+03
1.675750000000000000e+03
1.675625000000000000e+03
1.675500000000000000e+03
1.675375000000000000e+03
1.675250000000000000e+03
1.675125000000000000e+03
1.675000000000000000e+03
1.674875000000000000e+03
1.674750000000000000e+03
1.674625000000000000e+03
1.674500000000000000e+03
1.674375000000000000e+03
1.674250000000000000e+03
1.674125000000000000e+03
1.674000000000000000e+03
1.673875000000000000e+03
1.673750000000000000e+03
1.673625000000000000e+03
1.673500000000000000e+03
1.673375000000000000e+03
1.673250000000000000e+03
1.673125000000000000e+03
1.673000000000000000e+03
1.672875000000000000e+03
1.672750000000000000e+03
1.672625000000000000e+03
1.672500000000000000e+03
1.672375000000000000e+03
1.672250000000000000e+03
1.672125000000000000e+03
1.672000000000000000e+03
1.671875000000000000e+03
1.671750000000000000e+03
1.671625000000000000e+03
1.671500000000000000e+03
1.671375000000000000e+03
1.671250000000000000e+03
1.671125000000000000e+03
1.671000000000000000e+03
1.670875000000000000e+03
1.670750000000000000e+03
1.670625000000000000e+03
1.670500000000000000e+03
1.670375000000000000e+03
1.670250000000000000e+03
1.670125000000000000e+03
1.670000000000000000e+03
1.669875000000000000e+03
1.669750000000000000e+03
1.669625000000000000e+03
1.669500000000000000e+03
1.669375000000000000e+03
1.669250000000000000e+03
1.669125000000000000e+03
1.669000000000000000e+03
1.668875000000000000e+03
1.668750000000000000e+03
1.668625000000000000e+03
1.668500000000000000e+03
1.668375000000000000e+03
1.668250000000000000e+03
1.668125000000000000e+03
1.668000000000000000e+03
1.667875000000000000e+03
1.667750000000000000e+03
1.667625000000000000e+03
1.667500000000000000e+03
1.667375000000000000e+03
1.667250000000000000e+03
1.667125000000000000e+03
1.667000000000000000e+03
1.666875000000000000e+03
1.666750000000000000e+03
1.666625000000000000e+03
1.666500000000000000e+03
1.666375000000000000e+03
1.666250000000000000e+03
1.666125000000000000e+03
1.666000000000000000e+03
1.665875000000000000e+03
1.665750000000000000e+03
1.665625000000000000e+03
1.665500000000000000e+03
1.665375000000000000e+03
1.665250000000000000e+03
1.665125000000000000e+03
1.665000000000000000e+03
1.664875000000000000e+03
1.664750000000000000e+03
1.664625000000000000e+03
1.664500000000000000e+03
1.664375000000000000e+03
1.664250000000000000e+03
1.664125000000000000e+03
1.664000000000000000e+03
1.663875000000000000e+03
1.663750000000000000e+03
1.663625000000000000e+03
1.663500000000000000e+03
1.663375000000000000e+03
1.663250000000000000e+03
1.663125000000000000e+03
1.663000000000000000e+03
1.662875000000000000e+03
1.662750000000000000e+03
1.662625000000000000e+03
1.662500000000000000e+03
1.662375000000000000e+03
1.662250000000000000e+03
1.662125000000000000e+03
1.662000000000000000e+03
1.661875000000000000e+03
1.661750000000000000e+03
1.661625000000000000e+03
1.661500000000000000e+03
1.661375000000000000e+03
1.661250000000000000e+03
1.661125000000000000e+03
1.661000000000000000e+03
1.660875000000000000e+03
1.660750000000000000e+03
1.660625000000000000e+03
1.660500000000000000e+03
1.660375000000000000e+03
1.660250000000000000e+03
1.660125000000000000e+03
1.660000000000000000e+03
1.659875000000000000e+03
1.659750000000000000e+03
1.659625000000000000e+03
1.659500000000000000e+03
1.659375000000000000e+03
1.659250000000000000e+03
1.659125000000000000e+03
1.659000000000000000e+03
1.658875000000000000e+03
1.658750000000000000e+03
1.658625000000000000e+03
1.658500000000000000e+03
1.658375000000000000e+03
1.658250000000000000e+03
1.658125000000000000e+03
1.658000000000000000e+03
1.657875000000000000e+03
1.657750000000000000e+03
1.657625000000000000e+03
1.657500000000000000e+03
1.657375000000000000e+03
1.657250000000000000e+03
1.657125000000000000e+03
1.657000000000000000e+03
1.656875000000000000e+03
1.656750000000000000e+03
1.656625000000000000e+03
1.656500000000000000e+03
1.656375000000000000e+03
1.656250000000000000e+03
1.656125000000000000e+03
1.656000000000000000e+03
1.655875000000000000e+03
1.655750000000000000e+03
1.655625000000000000e+03
1.655500000000000000e+03
1.655375000000000000e+03
1.655250000000000000e+03
1.655125000000000000e+03
1.655000000000000000e+03
1.654875000000000000e+03
1.654750000000000000e+03
1.654625000000000000e+03
1.654500000000000000e+03
1.654375000000000000e+03
1.654250000000000000e+03
1.654125000000000000e+03
1.654000000000000000e+03
1.653875000000000000e+03
1.653750000000000000e+03
1.653625000000000000e+03
1.653500000000000000e+03
1.653375000000000000e+03
1.653250000000000000e+03
1.653125000000000000e+03
1.653000000000000000e+03
1.652875000000000000e+03
1.652750000000000000e+03
1.652625000000000000e+03
1.652500000000000000e+03
1.652375000000000000e+03
1.652250000000000000e+03
1.652125000000000000e+03
1.652000000000000000e+03
1.651875000000000000e+03
1.651750000000000000e+03
1.651625000000000000e+03
1.651500000000000000e+03
1.651375000000000000e+03
1.651250000000000000e+03
1.651125000000000000e+03
1.651000000000000000e+03
1.650875000000000000e+03
1.650750000000000000e+03
1.650625000000000000e+03
1.650500000000000000e+03
1.650375000000000000e+03
1.650250000000000000e+03
1.650125000000000000e+03
1.650000000000000000e+03
1.649875000000000000e+03
1.649750000000000000e+03
1.649625000000000000e+03
1.649500000000000000e+03
1.649375000000000000e+03
1.649250000000000000e+03
1.649125000000000000e+03
1.649000000000000000e+03
1.648875000000000000e+03
1.648750000000000000e+03
1.648625000000000000e+03
1.648500000000000000e+03
1.648375000000000000e+03
1.648250000000000000e+03
1.648125000000000000e+03
1.648000000000000000e+03
1.647875000000000000e+03
1.647750000000000000e+03
1.647625000000000000e+03
1.647500000000000000e+03
1.647375000000000000e+03
1.647250000000000000e+03
1.647125000000000000e+03
1.647000000000000000e+03
1.646875000000000000e+03
1.646750000000000000e+03
1.646625000000000000e+03
1.646500000000000000e+03
1.646375000000000000e+03
1.646250000000000000e+03
1.646125000000000000e+03
1.646000000000000000e+03
1.645875000000000000e+03
1.645750000000000000e+03
1.645625000000000000e+03
1.645500000000000000e+03
1.645375000000000000e+03
1.645250000000000000e+03
1.645125000000000000e+03
1.645000000000000000e+03
1.644875000000000000e+03
1.644750000000000000e+03
1.644625000000000000e+03
1.644500000000000000e+03
1.644375000000000000e+03
1.644250000000000000e+03
1.644125000000000000e+03
1.644000000000000000e+03
1.643875000000000000e+03
1.643750000000000000e+03
1.643625000000000000e+03
1.643500000000000000e+03
1.643375000000000000e+03
1.643250000000000000e+03
1.643125000000000000e+03
1.643000000000000000e+03
1.642875000000000000e+03
1.642750000000000000e+03
1.642625000000000000e+03
1.642500000000000000e+03
1.642375000000000000e+03
1.642250000000000000e+03
1.642125000000000000e+03
1.642000000000000000e+03
1.641875000000000000e+03
1.641750000000000000e+03
1.641625000000000000e+03
1.641500000000000000e+03
1.641375000000000000e+03
1.641250000000000000e+03
1.641125000000000000e+03
1.641000000000000000e+03
1.640875000000000000e+03
1.640750000000000000e+03
1.640625000000000000e+03
1.640500000000000000e+03
1.640375000000000000e+03
1.640250000000000000e+03
1.640125000000000000e+03
1.640000000000000000e+03
1.639875000000000000e+03
1.639750000000000000e+03
1.639625000000000000e+03
1.639500000000000000e+03
1.639375000000000000e+03
1.639250000000000000e+03
1.639125000000000000e+03
1.639000000000000000e+03
1.638875000000000000e+03
1.638750000000000000e+03
1.638625000000000000e+03
1.638500000000000000e+03
1.638375000000000000e+03
1.638250000000000000e+03
1.638125000000000000e+03
1.638000000000000000e+03
1.637875000000000000e+03
1.637750000000000000e+03
1.637625000000000000e+03
1.637500000000000000e+03
1.637375000000000000e+03
1.637250000000000000e+03
1.637125000000000000e+03
1.637000000000000000e+03
1.636875000000000000e+03
1.636750000000000000e+03
1.636625000000000000e+03
1.636500000000000000e+03
1.636375000000000000e+03
1.636250000000000000e+03
1.636125000000000000e+03
1.636000000000000000e+03
1.635875000000000000e+03
1.635750000000000000e+03
1.635625000000000000e+03
1.635500000000000000e+03
1.635375000000000000e+03
1.635250000000000000e+03
1.635125000000000000e+03
1.635000000000000000e+03
1.634875000000000000e+03
1.634750000000000000e+03
1.634625000000000000e+03
1.634500000000000000e+03
1.634375000000000000e+03
1.634250000000000000e+03
1.634125000000000000e+03
1.634000000000000000e+03
1.633875000000000000e+03
1.633750000000000000e+03
1.633625000000000000e+03
1.633500000000000000e+03
1.633375000000000000e+03
1.633250000000000000e+03
1.633125000000000000e+03
1.633000000000000000e+03
1.632875000000000000e+03
1.632750000000000000e+03
1.632625000000000000e+03
1.632500000000000000e+03
1.632375000000000000e+03
1.632250000000000000e+03
1.632125000000000000e+03
1.632000000000000000e+03
1.631875000000000000e+03
1.631750000000000000e+03
1.631625000000000000e+03
1.631500000000000000e+03
1.631375000000000000e+03
1.631250000000000000e+03
1.631125000000000000e+03
1.631000000000000000e+03
1.630875000000000000e+03
1.630750000000000000e+03
1.630625000000000000e+03
1.630500000000000000e+03
1.630375000000000000e+03
1.630250000000000000e+03
1.630125000000000000e+03
1.630000000000000000e+03
1.629875000000000000e+03
1.629750000000000000e+03
1.629625000000000000e+03
1.629500000000000000e+03
1.629375000000000000e+03
1.629250000000000000e+03
1.629125000000000000e+03
1.629000000000000000e+03
1.628875000000000000e+03
1.628750000000000000e+03
1.628625000000000000e+03
1.628500000000000000e+03
1.628375000000000000e+03
1.628250000000000000e+03
1.628125000000000000e+03
1.628000000000000000e+03
1.627875000000000000e+03
1.627750000000000000e+03
1.627625000000000000e+03
1.627500000000000000e+03
1.627375000000000000e+03
1.627250000000000000e+03
1.627125000000000000e+03
1.627000000000000000e+03
1.626875000000000000e+03
1.626750000000000000e+03
1.626625000000000000e+03
1.626500000000000000e+03
1.626375000000000000e+03
1.626250000000000000e+03
1.626125000000000000e+03
1.626000000000000000e+03
1.625875000000000000e+03
1.625750000000000000e+03
1.625625000000000000e+03
1.625500000000000000e+03
1.625375000000000000e+03
1.625250000000000000e+03
1.625125000000000000e+03
1.625000000000000000e+03
1.624875000000000000e+03
1.624750000000000000e+03
1.624625000000000000e+03
1.624500000000000000e+03
1.624375000000000000e+03
1.624250000000000000e+03
1.624125000000000000e+03
1.624000000000000000e+03
1.623875000000000000e+03
1.623750000000000000e+03
1.623625000000000000e+03
1.623500000000000000e+03
1.623375000000000000e+03
1.623250000000000000e+03
1.623125000000000000e+03
1.623000000000000000e+03
1.622875000000000000e+03
1.622750000000000000e+03
1.622625000000000000e+03
1.622500000000000000e+03
1.622375000000000000e+03
1.622250000000000000e+03
1.622125000000000000e+03
1.622000000000000000e+03
1.621875000000000000e+03
1.621750000000000000e+03
1.621625000000000000e+03
1.621500000000000000e+03
1.621375000000000000e+03
1.621250000000000000e+03
1.621125000000000000e+03
1.621000000000000000e+03
1.620875000000000000e+03
1.620750000000000000e+03
1.620625000000000000e+03
1.620500000000000000e+03
1.620375000000000000e+03
1.620250000000000000e+03
1.620125000000000000e+03
1.620000000000000000e+03
1.619875000000000000e+03
1.619750000000000000e+03
1.619625000000000000e+03
1.619500000000000000e+03
1.619375000000000000e+03
1.619250000000000000e+03
1.619125000000000000e+03
1.619000000000000000e+03
1.618875000000000000e+03
1.618750000000000000e+03
1.618625000000000000e+03
1.618500000000000000e+03
1.618375000000000000e+03
1.618250000000000000e+03
1.618125000000000000e+03
1.618000000000000000e+03
1.617875000000000000e+03
1.617750000000000000e+03
1.617625000000000000e+03
1.617500000000000000e+03
1.617375000000000000e+03
1.617250000000000000e+03
1.617125000000000000e+03
1.617000000000000000e+03
1.616875000000000000e+03
1.616750000000000000e+03
1.616625000000000000e+03
1.616500000000000000e+03
1.616375000000000000e+03
1.616250000000000000e+03
1.616125000000000000e+03
1.616000000000000000e+03
1.615875000000000000e+03
1.615750000000000000e+03
1.615625000000000000e+03
1.615500000000000000e+03
1.615375000000000000e+03
1.615250000000000000e+03
1.615125000000000000e+03
1.615000000000000000e+03
1.614875000000000000e+03
1.614750000000000000e+03
1.614625000000000000e+03
1.614500000000000000e+03
1.614375000000000000e+03
1.614250000000000000e+03
1.614125000000000000e+03
1.614000000000000000e+03
1.613875000000000000e+03
1.613750000000000000e+03
1.613625000000000000e+03
1.613500000000000000e+03
1.613375000000000000e+03
1.613250000000000000e+03
1.613125000000000000e+03
1.613000000000000000e+03
1.612875000000000000e+03
1.612750000000000000e+03
1.612625000000000000e+03
1.612500000000000000e+03
1.612375000000000000e+03
1.612250000000000000e+03
1.612125000000000000e+03
1.612000000000000000e+03
1.611875000000000000e+03
1.611750000000000000e+03
1.611625000000000000e+03
1.611500000000000000e+03
1.611375000000000000e+03
1.611250000000000000e+03
1.611125000000000000e+03
1.611000000000000000e+03
1.610875000000000000e+03
1.610750000000000000e+03
1.610625000000000000e+03
1.610500000000000000e+03
1.610375000000000000e+03
1.610250000000000000e+03
1.610125000000000000e+03
1.610000000000000000e+03
1.609875000000000000e+03
1.609750000000000000e+03
1.609625000000000000e+03
1.609500000000000000e+03
1.609375000000000000e+03
1.609250000000000000e+03
1.609125000000000000e+03
1.609000000000000000e+03
1.608875000000000000e+03
1.608750000000000000e+03
1.608625000000000000e+03
1.608500000000000000e+03
1.608375000000000000e+03
1.608250000000000000e+03
1.608125000000000000e+03
1.608000000000000000e+03
1.607875000000000000e+03
1.607750000000000000e+03
1.607625000000000000e+03
1.607500000000000000e+03
1.607375000000000000e+03
1.607250000000000000e+03
1.607125000000000000e+03
1.607000000000000000e+03
1.606875000000000000e+03
1.606750000000000000e+03
1.606625000000000000e+03
1.606500000000000000e+03
1.606375000000000000e+03
1.606250000000000000e+03
1.606125000000000000e+03
1.606000000000000000e+03
1.605875000000000000e+03
1.605750000000000000e+03
1.605625000000000000e+03
1.605500000000000000e+03
1.605375000000000000e+03
1.605250000000000000e+03
1.605125000000000000e+03
1.605000000000000000e+03
1.604875000000000000e+03
1.604750000000000000e+03
1.604625000000000000e+03
1.604500000000000000e+03
1.604375000000000000e+03
1.604250000000000000e+03
1.604125000000000000e+03
1.604000000000000000e+03
1.603875000000000000e+03
1.603750000000000000e+03
1.603625000000000000e+03
1.603500000000000000e+03
1.603375000000000000e+03
1.603250000000000000e+03
1.603125000000000000e+03
1.603000000000000000e+03
1.602875000000000000e+03
1.602750000000000000e+03
1.602625000000000000e+03
1.602500000000000000e+03
1.602375000000000000e+03
1.602250000000000000e+03
1.602125000000000000e+03
1.602000000000000000e+03
1.601875000000000000e+03
1.601750000000000000e+03
1.601625000000000000e+03
1.601500000000000000e+03
1.601375000000000000e+03
1.601250000000000000e+03
1.601125000000000000e+03
1.601000000000000000e+03
1.600875000000000000e+03
1.600750000000000000e+03
1.600625000000000000e+03
1.600500000000000000e+03
1.600375000000000000e+03
1.600250000000000000e+03
1.600125000000000000e+03
1.600000000000000000e+03
1.599875000000000000e+03
1.599750000000000000e+03
1.599625000000000000e+03
1.599500000000000000e+03
1.599375000000000000e+03
1.599250000000000000e+03
1.599125000000000000e+03
1.599000000000000000e+03
1.598875000000000000e+03
1.598750000000000000e+03
1.598625000000000000e+03
1.598500000000000000e+03
1.598375000000000000e+03
1.598250000000000000e+03
1.598125000000000000e+03
1.598000000000000000e+03
1.597875000000000000e+03
1.597750000000000000e+03
1.597625000000000000e+03
1.597500000000000000e+03
1.597375000000000000e+03
1.597250000000000000e+03
1.597125000000000000e+03
1.597000000000000000e+03
1.596875000000000000e+03
1.596750000000000000e+03
1.596625000000000000e+03
1.596500000000000000e+03
1.596375000000000000e+03
1.596250000000000000e+03
1.596125000000000000e+03
1.596000000000000000e+03
1.595875000000000000e+03
1.595750000000000000e+03
1.595625000000000000e+03
1.595500000000000000e+03
1.595375000000000000e+03
1.595250000000000000e+03
1.595125000000000000e+03
1.595000000000000000e+03
1.594875000000000000e+03
1.594750000000000000e+03
1.594625000000000000e+03
1.594500000000000000e+03
1.594375000000000000e+03
1.594250000000000000e+03
1.594125000000000000e+03
1.594000000000000000e+03
1.593875000000000000e+03
1.593750000000000000e+03
1.593625000000000000e+03
1.593500000000000000e+03
1.593375000000000000e+03
1.593250000000000000e+03
1.593125000000000000e+03
1.593000000000000000e+03
1.592875000000000000e+03
1.592750000000000000e+03
1.592625000000000000e+03
1.592500000000000000e+03
1.592375000000000000e+03
1.592250000000000000e+03
1.592125000000000000e+03
1.592000000000000000e+03
1.591875000000000000e+03
1.591750000000000000e+03
1.591625000000000000e+03
1.591500000000000000e+03
1.591375000000000000e+03
1.591250000000000000e+03
1.591125000000000000e+03
1.591000000000000000e+03
1.590875000000000000e+03
1.590750000000000000e+03
1.590625000000000000e+03
1.590500000000000000e+03
1.590375000000000000e+03
1.590250000000000000e+03
1.590125000000000000e+03
1.590000000000000000e+03
1.589875000000000000e+03
1.589750000000000000e+03
1.589625000000000000e+03
1.589500000000000000e+03
1.589375000000000000e+03
1.589250000000000000e+03
1.589125000000000000e+03
1.589000000000000000e+03
1.588875000000000000e+03
1.588750000000000000e+03
1.588625000000000000e+03
1.588500000000000000e+03
1.588375000000000000e+03
1.588250000000000000e+03
1.588125000000000000e+03
1.588000000000000000e+03
1.587875000000000000e+03
1.587750000000000000e+03
1.587625000000000000e+03
1.587500000000000000e+03
1.587375000000000000e+03
1.587250000000000000e+03
1.587125000000000000e+03
1.587000000000000000e+03
1.586875000000000000e+03
1.586750000000000000e+03
1.586625000000000000e+03
1.586500000000000000e+03
1.586375000000000000e+03
1.586250000000000000e+03
1.586125000000000000e+03
1.586000000000000000e+03
1.585875000000000000e+03
1.585750000000000000e+03
1.585625000000000000e+03
1.585500000000000000e+03
1.585375000000000000e+03
1.585250000000000000e+03
1.585125000000000000e+03
1.585000000000000000e+03
1.584875000000000000e+03
1.584750000000000000e+03
1.584625000000000000e+03
1.584500000000000000e+03
1.584375000000000000e+03
1.584250000000000000e+03
1.584125000000000000e+03
1.584000000000000000e+03
1.583875000000000000e+03
1.583750000000000000e+03
1.583625000000000000e+03
1.583500000000000000e+03
1.583375000000000000e+03
1.583250000000000000e+03
1.583125000000000000e+03
1.583000000000000000e+03
1.582875000000000000e+03
1.582750000000000000e+03
1.582625000000000000e+03
1.582500000000000000e+03
1.582375000000000000e+03
1.582250000000000000e+03
1.582125000000000000e+03
1.582000000000000000e+03
1.581875000000000000e+03
1.581750000000000000e+03
1.581625000000000000e+03
1.581500000000000000e+03
1.581375000000000000e+03
1.581250000000000000e+03
1.581125000000000000e+03
1.581000000000000000e+03
1.580875000000000000e+03
1.580750000000000000e+03
1.580625000000000000e+03
1.580500000000000000e+03
1.580375000000000000e+03
1.580250000000000000e+03
1.580125000000000000e+03
1.580000000000000000e+03
1.579875000000000000e+03
1.579750000000000000e+03
1.579625000000000000e+03
1.579500000000000000e+03
1.579375000000000000e+03
1.579250000000000000e+03
1.579125000000000000e+03
1.579000000000000000e+03
1.578875000000000000e+03
1.578750000000000000e+03
1.578625000000000000e+03
1.578500000000000000e+03
1.578375000000000000e+03
1.578250000000000000e+03
1.578125000000000000e+03
1.578000000000000000e+03
1.577875000000000000e+03
1.577750000000000000e+03
1.577625000000000000e+03
1.577500000000000000e+03
1.577375000000000000e+03
1.577250000000000000e+03
1.577125000000000000e+03
1.577000000000000000e+03
1.576875000000000000e+03
1.576750000000000000e+03
1.576625000000000000e+03
1.576500000000000000e+03
1.576375000000000000e+03
1.576250000000000000e+03
1.576125000000000000e+03
1.576000000000000000e+03
1.575875000000000000e+03
1.575750000000000000e+03
1.575625000000000000e+03
1.575500000000000000e+03
1.575375000000000000e+03
1.575250000000000000e+03
1.575125000000000000e+03
1.575000000000000000e+03
1.574875000000000000e+03
1.574750000000000000e+03
1.574625000000000000e+03
1.574500000000000000e+03
1.574375000000000000e+03
1.574250000000000000e+03
1.574125000000000000e+03
1.574000000000000000e+03
1.573875000000000000e+03
1.573750000000000000e+03
1.573625000000000000e+03
1.573500000000000000e+03
1.573375000000000000e+03
1.573250000000000000e+03
1.573125000000000000e+03
1.573000000000000000e+03
1.572875000000000000e+03
1.572750000000000000e+03
1.572625000000000000e+03
1.572500000000000000e+03
1.572375000000000000e+03
1.572250000000000000e+03
1.572125000000000000e+03
1.572000000000000000e+03
1.571875000000000000e+03
1.571750000000000000e+03
1.571625000000000000e+03
1.571500000000000000e+03
1.571375000000000000e+03
1.571250000000000000e+03
1.571125000000000000e+03
1.571000000000000000e+03
1.570875000000000000e+03
1.570750000000000000e+03
1.570625000000000000e+03
1.570500000000000000e+03
1.570375000000000000e+03
1.570250000000000000e+03
1.570125000000000000e+03
1.570000000000000000e+03
1.569875000000000000e+03
1.569750000000000000e+03
1.569625000000000000e+03
1.569500000000000000e+03
1.569375000000000000e+03
1.569250000000000000e+03
1.569125000000000000e+03
1.569000000000000000e+03
1.568875000000000000e+03
1.568750000000000000e+03
1.568625000000000000e+03
1.568500000000000000e+03
1.568375000000000000e+03
1.568250000000000000e+03
1.568125000000000000e+03
1.568000000000000000e+03
1.567875000000000000e+03
1.567750000000000000e+03
1.567625000000000000e+03
1.567500000000000000e+03
1.567375000000000000e+03
1.567250000000000000e+03
1.567125000000000000e+03
1.567000000000000000e+03
1.566875000000000000e+03
1.566750000000000000e+03
1.566625000000000000e+03
1.566500000000000000e+03
1.566375000000000000e+03
1.566250000000000000e+03
1.566125000000000000e+03
1.566000000000000000e+03
1.565875000000000000e+03
1.565750000000000000e+03
1.565625000000000000e+03
1.565500000000000000e+03
1.565375000000000000e+03
1.565250000000000000e+03
1.565125000000000000e+03
1.565000000000000000e+03
1.564875000000000000e+03
1.564750000000000000e+03
1.564625000000000000e+03
1.564500000000000000e+03
1.564375000000000000e+03
1.564250000000000000e+03
1.564125000000000000e+03
1.564000000000000000e+03
1.563875000000000000e+03
1.563750000000000000e+03
1.563625000000000000e+03
1.563500000000000000e+03
1.563375000000000000e+03
1.563250000000000000e+03
1.563125000000000000e+03
1.563000000000000000e+03
1.562875000000000000e+03
1.562750000000000000e+03
1.562625000000000000e+03
1.562500000000000000e+03
1.562375000000000000e+03
1.562250000000000000e+03
1.562125000000000000e+03
1.562000000000000000e+03
1.561875000000000000e+03
1.561750000000000000e+03
1.561625000000000000e+03
1.561500000000000000e+03
1.561375000000000000e+03
1.561250000000000000e+03
1.561125000000000000e+03
1.561000000000000000e+03
1.560875000000000000e+03
1.560750000000000000e+03
1.560625000000000000e+03
1.560500000000000000e+03
1.560375000000000000e+03
1.560250000000000000e+03
1.560125000000000000e+03
1.560000000000000000e+03
1.559875000000000000e+03
1.559750000000000000e+03
1.559625000000000000e+03
1.559500000000000000e+03
1.559375000000000000e+03
1.559250000000000000e+03
1.559125000000000000e+03
1.559000000000000000e+03
1.558875000000000000e+03
1.558750000000000000e+03
1.558625000000000000e+03
1.558500000000000000e+03
1.558375000000000000e+03
1.558250000000000000e+03
1.558125000000000000e+03
1.558000000000000000e+03
1.557875000000000000e+03
1.557750000000000000e+03
1.557625000000000000e+03
1.557500000000000000e+03
1.557375000000000000e+03
1.557250000000000000e+03
1.557125000000000000e+03
1.557000000000000000e+03
1.556875000000000000e+03
1.556750000000000000e+03
1.556625000000000000e+03
1.556500000000000000e+03
1.556375000000000000e+03
1.556250000000000000e+03
1.556125000000000000e+03
1.556000000000000000e+03
1.555875000000000000e+03
1.555750000000000000e+03
1.555625000000000000e+03
1.555500000000000000e+03
1.555375000000000000e+03
1.555250000000000000e+03
1.555125000000000000e+03
1.555000000000000000e+03
1.554875000000000000e+03
1.554750000000000000e+03
1.554625000000000000e+03
1.554500000000000000e+03
1.554375000000000000e+03
1.554250000000000000e+03
1.554125000000000000e+03
1.554000000000000000e+03
1.553875000000000000e+03
1.553750000000000000e+03
1.553625000000000000e+03
1.553500000000000000e+03
1.553375000000000000e+03
1.553250000000000000e+03
1.553125000000000000e+03
1.553000000000000000e+03
1.552875000000000000e+03
1.552750000000000000e+03
1.552625000000000000e+03
1.552500000000000000e+03
1.552375000000000000e+03
1.552250000000000000e+03
1.552125000000000000e+03
1.552000000000000000e+03
1.551875000000000000e+03
1.551750000000000000e+03
1.551625000000000000e+03
1.551500000000000000e+03
1.551375000000000000e+03
1.551250000000000000e+03
1.551125000000000000e+03
1.551000000000000000e+03
1.550875000000000000e+03
1.550750000000000000e+03
1.550625000000000000e+03
1.550500000000000000e+03
1.550375000000000000e+03
1.550250000000000000e+03
1.550125000000000000e+03
1.550000000000000000e+03
1.549875000000000000e+03
1.549750000000000000e+03
1.549625000000000000e+03
1.549500000000000000e+03
1.549375000000000000e+03
1.549250000000000000e+03
1.549125000000000000e+03
1.549000000000000000e+03
1.548875000000000000e+03
1.548750000000000000e+03
1.548625000000000000e+03
1.548500000000000000e+03
1.548375000000000000e+03
1.548250000000000000e+03
1.548125000000000000e+03
1.548000000000000000e+03
1.547875000000000000e+03
1.547750000000000000e+03
1.547625000000000000e+03
1.547500000000000000e+03
1.547375000000000000e+03
1.547250000000000000e+03
1.547125000000000000e+03
1.547000000000000000e+03
1.546875000000000000e+03
1.546750000000000000e+03
1.546625000000000000e+03
1.546500000000000000e+03
1.546375000000000000e+03
1.546250000000000000e+03
1.546125000000000000e+03
1.546000000000000000e+03
1.545875000000000000e+03
1.545750000000000000e+03
1.545625000000000000e+03
1.545500000000000000e+03
1.545375000000000000e+03
1.545250000000000000e+03
1.545125000000000000e+03
1.545000000000000000e+03
1.544875000000000000e+03
1.544750000000000000e+03
1.544625000000000000e+03
1.544500000000000000e+03
1.544375000000000000e+03
1.544250000000000000e+03
1.544125000000000000e+03
1.544000000000000000e+03
1.543875000000000000e+03
1.543750000000000000e+03
1.543625000000000000e+03
1.543500000000000000e+03
1.543375000000000000e+03
1.543250000000000000e+03
1.543125000000000000e+03
1.543000000000000000e+03
1.542875000000000000e+03
1.542750000000000000e+03
1.542625000000000000e+03
1.542500000000000000e+03
1.542375000000000000e+03
1.542250000000000000e+03
1.542125000000000000e+03
1.542000000000000000e+03
1.541875000000000000e+03
1.541750000000000000e+03
1.541625000000000000e+03
1.541500000000000000e+03
1.541375000000000000e+03
1.541250000000000000e+03
1.541125000000000000e+03
1.541000000000000000e+03
1.540875000000000000e+03
1.540750000000000000e+03
1.540625000000000000e+03
1.540500000000000000e+03
1.540375000000000000e+03
1.540250000000000000e+03
1.540125000000000000e+03
1.540000000000000000e+03
1.539875000000000000e+03
1.539750000000000000e+03
1.539625000000000000e+03
1.539500000000000000e+03
1.539375000000000000e+03
1.539250000000000000e+03
1.539125000000000000e+03
1.539000000000000000e+03
1.538875000000000000e+03
1.538750000000000000e+03
1.538625000000000000e+03
1.538500000000000000e+03
1.538375000000000000e+03
1.538250000000000000e+03
1.538125000000000000e+03
1.538000000000000000e+03
1.537875000000000000e+03
1.537750000000000000e+03
1.537625000000000000e+03
1.537500000000000000e+03
1.537375000000000000e+03
1.537250000000000000e+03
1.537125000000000000e+03
1.537000000000000000e+03
1.536875000000000000e+03
1.536750000000000000e+03
1.536625000000000000e+03
1.536500000000000000e+03
1.536375000000000000e+03
1.536250000000000000e+03
1.536125000000000000e+03
1.536000000000000000e+03
1.535875000000000000e+03
1.535750000000000000e+03
1.535625000000000000e+03
1.535500000000000000e+03
1.535375000000000000e+03
1.535250000000000000e+03
1.535125000000000000e+03
1.535000000000000000e+03
1.534875000000000000e+03
1.534750000000000000e+03
1.534625000000000000e+03
1.534500000000000000e+03
1.534375000000000000e+03
1.534250000000000000e+03
1.534125000000000000e+03
1.534000000000000000e+03
1.533875000000000000e+03
1.533750000000000000e+03
1.533625000000000000e+03
1.533500000000000000e+03
1.533375000000000000e+03
1.533250000000000000e+03
1.533125000000000000e+03
1.533000000000000000e+03
1.532875000000000000e+03
1.532750000000000000e+03
1.532625000000000000e+03
1.532500000000000000e+03
1.532375000000000000e+03
1.532250000000000000e+03
1.532125000000000000e+03
1.532000000000000000e+03
1.531875000000000000e+03
1.531750000000000000e+03
1.531625000000000000e+03
1.531500000000000000e+03
1.531375000000000000e+03
1.531250000000000000e+03
1.531125000000000000e+03
1.531000000000000000e+03
1.530875000000000000e+03
1.530750000000000000e+03
1.530625000000000000e+03
1.530500000000000000e+03
1.530375000000000000e+03
1.530250000000000000e+03
1.530125000000000000e+03
1.530000000000000000e+03
1.529875000000000000e+03
1.529750000000000000e+03
1.529625000000000000e+03
1.529500000000000000e+03
1.529375000000000000e+03
1.529250000000000000e+03
1.529125000000000000e+03
1.529000000000000000e+03
1.528875000000000000e+03
1.528750000000000000e+03
1.528625000000000000e+03
1.528500000000000000e+03
1.528375000000000000e+03
1.528250000000000000e+03
1.528125000000000000e+03
1.528000000000000000e+03
1.527875000000000000e+03
1.527750000000000000e+03
1.527625000000000000e+03
1.527500000000000000e+03
1.527375000000000000e+03
1.527250000000000000e+03
1.527125000000000000e+03
1.527000000000000000e+03
1.526875000000000000e+03
1.526750000000000000e+03
1.526625000000000000e+03
1.526500000000000000e+03
1.526375000000000000e+03
1.526250000000000000e+03
1.526125000000000000e+03
1.526000000000000000e+03
1.525875000000000000e+03
1.525750000000000000e+03
1.525625000000000000e+03
1.525500000000000000e+03
1.525375000000000000e+03
1.525250000000000000e+03
1.525125000000000000e+03
1.525000000000000000e+03
1.524875000000000000e+03
1.524750000000000000e+03
1.524625000000000000e+03
1.524500000000000000e+03
1.524375000000000000e+03
1.524250000000000000e+03
1.524125000000000000e+03
1.524000000000000000e+03
1.523875000000000000e+03
1.523750000000000000e+03
1.523625000000000000e+03
1.523500000000000000e+03
1.523375000000000000e+03
1.523250000000000000e+03
1.523125000000000000e+03
1.523000000000000000e+03
1.522875000000000000e+03
1.522750000000000000e+03
1.522625000000000000e+03
1.522500000000000000e+03
1.522375000000000000e+03
1.522250000000000000e+03
1.522125000000000000e+03
1.522000000000000000e+03
1.521875000000000000e+03
1.521750000000000000e+03
1.521625000000000000e+03
1.521500000000000000e+03
1.521375000000000000e+03
1.521250000000000000e+03
1.521125000000000000e+03
1.521000000000000000e+03
1.520875000000000000e+03
1.520750000000000000e+03
1.520625000000000000e+03
1.520500000000000000e+03
1.520375000000000000e+03
1.520250000000000000e+03
1.520125000000000000e+03
1.520000000000000000e+03
1.519875000000000000e+03
1.519750000000000000e+03
1.519625000000000000e+03
1.519500000000000000e+03
1.519375000000000000e+03
1.519250000000000000e+03
1.519125000000000000e+03
1.519000000000000000e+03
1.518875000000000000e+03
1.518750000000000000e+03
1.518625000000000000e+03
1.518500000000000000e+03
1.518375000000000000e+03
1.518250000000000000e+03
1.518125000000000000e+03
1.518000000000000000e+03
1.517875000000000000e+03
1.517750000000000000e+03
1.517625000000000000e+03
1.517500000000000000e+03
1.517375000000000000e+03
1.517250000000000000e+03
1.517125000000000000e+03
1.517000000000000000e+03
1.516875000000000000e+03
1.516750000000000000e+03
1.516625000000000000e+03
1.516500000000000000e+03
1.516375000000000000e+03
1.516250000000000000e+03
1.516125000000000000e+03
1.516000000000000000e+03
1.515875000000000000e+03
1.515750000000000000e+03
1.515625000000000000e+03
1.515500000000000000e+03
1.515375000000000000e+03
1.515250000000000000e+03
1.515125000000000000e+03
1.515000000000000000e+03
1.514875000000000000e+03
1.514750000000000000e+03
1.514625000000000000e+03
1.514500000000000000e+03
1.514375000000000000e+03
1.514250000000000000e+03
1.514125000000000000e+03
1.514000000000000000e+03
1.513875000000000000e+03
1.513750000000000000e+03
1.513625000000000000e+03
1.513500000000000000e+03
1.513375000000000000e+03
1.513250000000000000e+03
1.513125000000000000e+03
1.513000000000000000e+03
1.512875000000000000e+03
1.512750000000000000e+03
1.512625000000000000e+03
1.512500000000000000e+03
1.512375000000000000e+03
1.512250000000000000e+03
1.512125000000000000e+03
1.512000000000000000e+03
1.511875000000000000e+03
1.511750000000000000e+03
1.511625000000000000e+03
1.511500000000000000e+03
1.511375000000000000e+03
1.511250000000000000e+03
1.511125000000000000e+03
1.511000000000000000e+03
1.510875000000000000e+03
1.510750000000000000e+03
1.510625000000000000e+03
1.510500000000000000e+03
1.510375000000000000e+03
1.510250000000000000e+03
1.510125000000000000e+03
1.510000000000000000e+03
1.509875000000000000e+03
1.509750000000000000e+03
1.509625000000000000e+03
1.509500000000000000e+03
1.509375000000000000e+03
1.509250000000000000e+03
1.509125000000000000e+03
1.509000000000000000e+03
1.508875000000000000e+03
1.508750000000000000e+03
1.508625000000000000e+03
1.508500000000000000e+03
1.508375000000000000e+03
1.508250000000000000e+03
1.508125000000000000e+03
1.508000000000000000e+03
1.507875000000000000e+03
1.507750000000000000e+03
1.507625000000000000e+03
1.507500000000000000e+03
1.507375000000000000e+03
1.507250000000000000e+03
1.507125000000000000e+03
1.507000000000000000e+03
1.506875000000000000e+03
1.506750000000000000e+03
1.506625000000000000e+03
1.506500000000000000e+03
1.506375000000000000e+03
1.506250000000000000e+03
1.506125000000000000e+03
1.506000000000000000e+03
1.505875000000000000e+03
1.505750000000000000e+03
1.505625000000000000e+03
1.505500000000000000e+03
1.505375000000000000e+03
1.505250000000000000e+03
1.505125000000000000e+03
1.505000000000000000e+03
1.504875000000000000e+03
1.504750000000000000e+03
1.504625000000000000e+03
1.504500000000000000e+03
1.504375000000000000e+03
1.504250000000000000e+03
1.504125000000000000e+03
1.504000000000000000e+03
1.503875000000000000e+03
1.503750000000000000e+03
1.503625000000000000e+03
1.503500000000000000e+03
1.503375000000000000e+03
1.503250000000000000e+03
1.503125000000000000e+03
1.503000000000000000e+03
1.502875000000000000e+03
1.502750000000000000e+03
1.502625000000000000e+03
1.502500000000000000e+03
1.502375000000000000e+03
