2.776826519999999743e-01
7.171072709999988248e-01
7.428642199999977436e-01
7.023054629999982978e-01
1.065942538999998135e+00
6.411122439999985545e-01
9.232063689999989720e-01
1.104923022999997784e+00
1.595485822000000553e+00
1.006099828000003527e+00
6.584714399999995749e-01
5.550562199999973245e-01
4.646711470000184363e-01
9.104041450000011082e-01
2.161404943999997386e+00
1.152160504000022456e+00
7.771725480000100106e-01
8.771743780000065271e-01
9.588471689999948921e-01
6.192700669999737784e-01
5.679249459999766714e-01
7.778107350000027509e-01
9.582112279999819293e-01
9.800075709999873652e-01
1.227696124999965832e+00
