3.018017500000000020e+00
1.352490928000001702e+00
6.991968630000009455e-01
9.974184960000016531e-01
1.053654322999996396e+00
5.863787609999988604e-01
8.616762169999958587e-01
1.105233085000008941e+00
5.541155570000029229e-01
5.877899689999992461e-01
5.365124930000035874e-01
5.689582690000065668e-01
5.755150599999865335e-01
5.122280540000190285e-01
4.924646610000138480e-01
5.440998450000051889e-01
5.221540249999918615e-01
8.392694790000234661e-01
1.223487812000001895e+00
1.300958543999996664e+00
4.800593349999928705e-01
4.388664789999836557e-01
9.649148020000097858e-01
8.211626930000193170e-01
7.111288349999540515e-01
