9.040174159999999626e-01
6.106907140000004119e-01
7.480363969999999085e-01
8.391809000000023389e-01
9.597289629999963267e-01
6.032706410000017172e-01
4.710494119999992790e-01
8.459305639999996629e-01
1.369162735999992719e+00
1.463095746000007580e+00
8.702800009999975828e-01
7.161436210000005076e-01
4.586030289999882825e-01
4.683688950000259865e-01
1.375995824000000312e+00
5.197467639999899802e-01
9.463356100000055449e-01
7.442335439999965274e-01
6.321931110000207354e-01
1.068941012999999884e+00
8.942933619999848815e-01
6.609523829999943700e-01
1.366609937999982094e+00
5.491414730000201416e-01
9.468170490000034079e-01
9.661315690000265022e-01
