4.840219069999999735e-01
7.878263839999988249e-01
3.792617110000016112e-01
4.596454769999986922e-01
2.454819300000039561e-01
4.287967599999973345e-01
2.672577089999990108e-01
2.029220300000034172e-01
2.339947309999956815e-01
2.266669210000031853e-01
2.130370089999900074e-01
1.981179050000037023e-01
1.923918789999987666e-01
1.336684620000028190e-01
1.932388529999968796e-01
2.113996589999942444e-01
3.155391499999780081e-01
2.676082979999989675e-01
2.346507239999766625e-01
4.981563350000044466e-01
5.620385579999833681e-01
5.907501300000035371e-01
9.495876820000148655e-01
8.974763749999965512e-01
2.400515889999894625e-01
7.105280600000014601e-01
6.280659969999931036e-01
4.792358750000005330e-01
3.472007839999946555e-01
3.079052100000012615e-01
3.642852599999741869e-01
6.040642730000058691e-01
5.562615110000024288e-01
4.015703020000387369e-01
3.063025879999941026e-01
1.771747520000417353e-01
2.254444880000505691e-01
2.436116659999925105e-01
2.102542789999688466e-01
4.680364929999996093e-01
5.578430080000202906e-01
