3.579085916543274681e+00
1.206039478279867572e+00
8.816691136348535629e-01
5.817720653918502238e-01
4.226255643587481514e-01
2.414099685119371341e-01
1.551861459107221064e-01
7.625668211625941106e-02
4.686222681038745147e-02
2.804805284779825561e-02
2.283685660797734815e-02
2.199752916845052267e-02
1.974498347701365494e-02
1.682569073756749051e-02
1.754833837040488398e-02
2.061810593062399916e-02
2.636696618257380539e-02
3.003630518050132148e-02
2.200631970393971543e-02
2.026860049031304831e-02
