2.731944638178256113e-02
6.960741167341108525e-04
2.123314817948920787e-04
5.662172158655397615e-05
3.001516623988417982e-05
1.472700758763183351e-05
1.518665198280550069e-05
1.425370983932251141e-05
1.372660270784037588e-05
1.406893718506627672e-05
1.579142359546750824e-05
1.557560464270464767e-05
1.345007464440821663e-05
1.166457818901494300e-05
9.447560897711346640e-06
8.654258634373153549e-06
1.181166116612924693e-05
1.438916390541402383e-05
1.727458187142579557e-05
1.653435294036806758e-05
