3.373366690640178800e-01
1.118690799399327945e-01
8.477049030940286833e-02
5.598486309167838293e-02
4.265583889456291827e-02
2.666558467334605859e-02
2.082564782908802314e-02
1.571291682496290393e-02
1.711910248920904890e-02
1.730838955774675197e-02
2.049498138282911455e-02
2.233980838661302204e-02
1.989978136757509022e-02
1.907952660388456331e-02
1.775363283388206245e-02
1.887127028004041349e-02
2.736429074555871838e-02
3.029299999484831932e-02
2.048879968331632564e-02
1.928990304681072604e-02
