2.771277502213584931e-01
7.050598673767649247e-03
1.996851242706217545e-03
5.279001652179030361e-04
2.377776122063673578e-04
8.946223341776067030e-05
6.827859263275193997e-05
3.917454922440846021e-05
2.685421381770875814e-05
1.779887582561206499e-05
1.563890375543823500e-05
1.620280099532506204e-05
1.354079897009923022e-05
9.780573678966758962e-06
9.607810890704629824e-06
1.048568954926408151e-05
1.161889263194637541e-05
1.513368737585841378e-05
1.651758045475936978e-05
1.580241126406727801e-05
