1.303060117623271674e+00
4.270143524782354927e-01
1.743772806373874162e-01
1.585567705611083678e-02
2.691794245996848717e-02
3.620694095097043430e-02
1.068084316727553433e-02
2.797995341609356076e-02
1.094961605266269247e-02
1.213677983773408901e-02
7.569098364951978158e-03
1.286147133989085610e-02
1.066124975865973858e-02
3.766377669806125501e-03
8.218218150679466524e-03
1.214470386502797608e-02
8.953857351590781624e-03
3.774481031872119630e-03
7.614059347422041067e-03
9.582252970964651867e-03
