9.156099361575797957e-02
-4.210091583221764466e-02
-1.364128614505855097e-02
-3.824190003412386574e-03
-1.173379869168655887e-03
-1.787034583957014533e-03
-4.031038130304365197e-04
-7.708979492875300821e-04
-4.203524095275357197e-04
-3.270638963537297883e-04
1.928329937591621857e-04
-2.591956720476851217e-04
-3.225087495906109325e-05
1.840187108330670895e-04
2.059228398554324713e-04
2.306797832677398574e-04
6.257045070767741635e-05
-6.802219090551453462e-05
-1.300026113256746996e-04
-6.601590204813323481e-05
