4.803697465712275516e-02
-9.651392350954246524e-03
-3.194094748337927836e-03
-7.712760400783724712e-04
-7.388594576684393012e-04
-1.281931506033506807e-03
-1.455519397878246579e-04
-6.349422139502181039e-04
1.111278090156764264e-04
1.689150100457892378e-04
3.328823940806913129e-04
-1.000989909245575404e-04
1.686376627072494472e-04
-4.495433931839265540e-05
5.917013547229732495e-05
6.842557691510986473e-05
1.080215952540264368e-04
-6.940264516930305660e-05
-2.674092509301617682e-04
-3.269874046312182259e-04
