-9.878548757003468950e+01
-1.004169285412024522e+02
-1.001713123837513990e+02
-1.000143292465281775e+02
-9.997362314930106209e+01
-1.000201817572281442e+02
-1.000072198685682849e+02
-1.000139355795801919e+02
-1.000107622248926162e+02
-1.000121367495359266e+02
-1.000025496468959290e+02
-1.000128612438967508e+02
-1.000063763943180390e+02
-9.999765435203812558e+01
-9.999480500062806243e+01
-9.999250988284826747e+01
-9.999784489383129937e+01
-1.000008509142459872e+02
-1.000050237539629023e+02
-1.000030157365148540e+02
