-1.452785041819341671e+01
-1.509225968108118465e+01
-1.503255001038254157e+01
-1.499321212928508551e+01
-1.500537004408586306e+01
-1.503006059294510521e+01
-1.500787108052433894e+01
-1.502426267534570137e+01
-1.500201707884364488e+01
-1.500002712068978816e+01
-1.499287325103820834e+01
-1.500007648826788476e+01
-1.499145577142643049e+01
-1.499705321592399976e+01
-1.499363202613873725e+01
-1.499044008488413482e+01
-1.499130936832708549e+01
-1.499632268413024683e+01
-1.500572152041561402e+01
-1.500909532326377338e+01
