2.771277502213584931e-01
1.073555409615332794e-02
2.315746085413876963e-03
9.142433394363580577e-04
3.399957671383325671e-04
1.398925497878751058e-04
1.063147257507274717e-04
7.545299012607541633e-05
3.727582689988605242e-05
2.673873586512396611e-05
2.004700309889624100e-05
1.699538813174485217e-05
1.626717921972667039e-05
1.595672316002030782e-05
1.555872429287945253e-05
1.435704992247866549e-05
1.525007783777686969e-05
1.299484937569385269e-05
1.266251150273785877e-05
1.062239354820455764e-05
1.146847946551387786e-05
