3.579085916543274681e+00
1.249468338881311480e+00
8.211431575279187767e-01
6.234921905361971994e-01
4.469705497289204188e-01
2.903094329151148512e-01
2.037208916770681943e-01
1.227227640780903656e-01
5.782639279217835493e-02
3.630538025829638943e-02
2.749536626617372567e-02
2.306307042875948773e-02
2.072502933868515876e-02
2.034324272827925037e-02
1.984347080176913913e-02
1.960914979983972850e-02
2.188634355611770999e-02
1.954341431399581053e-02
2.112617986750831012e-02
1.895084734168835452e-02
2.099269552812902881e-02
