3.373366690640178800e-01
1.029584763338681624e-01
7.284244233276560010e-02
5.399322330073345888e-02
4.163241329040768407e-02
2.635713897690511454e-02
2.565430933134259586e-02
1.773817616156761479e-02
1.605306161283736807e-02
1.543484186556304087e-02
1.868571471426717576e-02
1.916911503486692231e-02
2.265495600161235301e-02
2.027753030997719863e-02
2.134510482362697928e-02
2.063170519920830281e-02
1.990911672705338031e-02
2.160319817406691420e-02
1.958030616068016580e-02
2.149345942507633125e-02
1.982474010985950039e-02
