2.731944638178256113e-02
7.310496848620960707e-04
2.260208537076239968e-04
8.635570098669354607e-05
4.226260106589775411e-05
1.836180543052510675e-05
2.126922147161985454e-05
1.622834192142710963e-05
1.635334386194810214e-05
1.539020777886049621e-05
1.708194148466811758e-05
1.673481335920457214e-05
1.649878127090641879e-05
1.615044527376855682e-05
1.465708159644630883e-05
1.523860026851212269e-05
1.287838590195074431e-05
1.381285915365109801e-05
1.298154406279345906e-05
1.386206443422596400e-05
1.244722949779921431e-05
