1.288676873552002222e+00
6.921240145689572243e-01
1.562409911843131438e-01
9.756969629890138718e-02
2.354792910125406546e-03
4.565429175712076154e-02
3.553519117326796317e-02
2.733817450325762635e-02
2.707812193662715097e-02
2.634749309171171422e-02
1.264678268692117323e-02
1.323562036508269153e-02
7.094712140120496349e-03
4.223742980220300059e-04
6.892679139719541138e-03
4.780225386177954124e-03
8.050413410404785863e-03
1.821250028019616787e-02
1.073521091281515009e-02
7.795085479199898720e-03
4.506771895715484116e-03
