-9.879830610914089561e+01
-1.006809990126430847e+02
-1.001515750603557393e+02
-1.000962124460472467e+02
-1.000022223907831034e+02
-9.995613800626081513e+01
-9.999794814634417151e+01
-1.000148915451543985e+02
-1.000227248958281336e+02
-1.000258254446753909e+02
-1.000096571380042434e+02
-1.000065305315680604e+02
-1.000070589101635363e+02
-1.000004186456727808e+02
-9.999409381063445323e+01
-9.999652459879523292e+01
-9.999601917600901402e+01
-9.999732757216098378e+01
-1.000004831624214745e+02
-1.000071098210048319e+02
-1.000030754209708590e+02
