-1.453457559464541404e+01
-1.512359610156551781e+01
-1.496210213192789595e+01
-1.501621760961009677e+01
-1.499922152144746690e+01
-1.501266648574262064e+01
-1.503547590320620131e+01
-1.502292635313531299e+01
-1.501472425880020189e+01
-1.500521888872616749e+01
-1.499183416887896847e+01
-1.498848766731339133e+01
-1.500071184805562474e+01
-1.499994400135455663e+01
-1.500355330169017876e+01
-1.499671790597201060e+01
-1.499300270077592678e+01
-1.498198463722537355e+01
-1.498927566750715457e+01
-1.500319590408292925e+01
-1.500329435559283020e+01
