9.156099361575797957e-02
-6.852104156981475569e-02
-1.014712450686605649e-02
-5.378029245667992342e-03
-7.309277592810747848e-04
1.453051049329801003e-03
2.413000199162906867e-04
-1.129376510742796658e-03
-1.057466000188522770e-03
-8.980950488721717306e-04
-7.283538089786212311e-05
8.365823258793536610e-05
-2.301350252920109085e-05
1.888834619774293344e-04
2.849621116273182153e-04
1.802028326979288053e-04
1.484490547072336852e-04
6.305255138849830132e-05
-2.687289204628129369e-05
-1.676592797304476967e-04
-4.028005933365275126e-05
