4.803697465712275516e-02
-1.207123284824285214e-02
1.461073308120730552e-03
-9.119871582238814334e-04
-7.315665539425753039e-05
-4.146838640399774789e-04
-9.689120882500068532e-04
-8.818547129474385571e-04
-1.962974932095407077e-04
4.843805463305983494e-05
6.304333444248078067e-04
5.134687392922554494e-04
4.717046901886456922e-05
1.290791135817315194e-04
-1.438202868675464430e-04
8.479761619994974353e-05
1.207167879895831852e-04
4.007322038847016543e-04
1.537870323959911190e-04
-2.413791332674941614e-04
-2.062581493885717876e-04
