2.731944638178256113e-02
6.960741167341108525e-04
2.123314817948920787e-04
5.835910916214816045e-05
2.903335047034424503e-05
1.831020890896394230e-05
1.619148789103873833e-05
1.793197725117329973e-05
1.459667487018277875e-05
1.541627225511481102e-05
1.221448168075212051e-05
1.250449233110727472e-05
1.598397242734988201e-05
1.369396372839771778e-05
1.462404911193789421e-05
1.254966275498708697e-05
9.689182940354376425e-06
1.040675567547260910e-05
9.011233065178893563e-06
1.223687555779159703e-05
