3.373366690640178800e-01
1.118690799399327945e-01
8.477049030940286833e-02
5.596763372379910673e-02
4.451067691723162995e-02
3.237183260081031438e-02
2.329646404920429625e-02
1.913473826447509296e-02
1.512009610053543542e-02
1.729751064307666342e-02
1.763003706002739049e-02
2.079224778289937015e-02
2.776418112030313440e-02
2.090285339243593693e-02
2.850156318296450525e-02
2.111601331844918314e-02
2.037460589987568835e-02
2.311903790393539729e-02
1.961736889105693271e-02
2.590327637876202807e-02
