2.771277502213584931e-01
7.050598673767649247e-03
1.996851242706217545e-03
4.704098840953110407e-04
2.437249476850977001e-04
1.187159998188798188e-04
7.892325017004521871e-05
4.304377796826514756e-05
2.695603027035318376e-05
1.717343979491721292e-05
1.391089751915068725e-05
1.276038963294743041e-05
1.047662515418204027e-05
1.148488735484604066e-05
1.165760893403313805e-05
9.984349592779641062e-06
1.030393755028211934e-05
8.816436391027638225e-06
1.041176125935654260e-05
1.055789127988440699e-05
