3.579085916543274681e+00
1.206039478279867572e+00
8.816691136348535629e-01
5.653932393616287744e-01
4.464008587154252305e-01
2.960483441554364048e-01
1.753487070960246252e-01
8.139196762740455449e-02
4.187190510801866439e-02
2.610044855788829637e-02
2.120625525597013075e-02
2.144205942229707867e-02
1.847553884748582426e-02
1.893655234328453507e-02
1.897506483120767889e-02
1.672599930446728306e-02
2.027576130675757399e-02
1.621952463622397186e-02
2.173377849512845086e-02
2.298655718787590702e-02
