1.293813509957043584e+00
4.313335312117366205e-01
1.747972139496988264e-01
9.794042985067816579e-03
2.591330631949551738e-02
3.550756360470463252e-02
1.380989872380836321e-02
1.856249788483330110e-02
1.486827819567106655e-02
2.061120487035778340e-02
1.707519560329219185e-02
1.331445385916332075e-02
8.869197723101199249e-03
6.154364573171837959e-03
1.136312392762485989e-02
1.599996440727613489e-02
7.837273699772153920e-03
7.450239979899272828e-03
1.051781919880094389e-02
6.206018925267810932e-03
