4.803697465712275516e-02
-9.651392350954246524e-03
-3.194094748337927836e-03
-8.435435273468905315e-04
-8.834200903312106057e-04
-1.240857157135621947e-03
-1.118439894980949312e-04
-3.706891647108911947e-04
5.220199938744674029e-04
5.437572299971105139e-04
3.101933327681605235e-04
-1.068828672874388985e-04
-2.954734902360645066e-04
-2.626208556834042085e-04
1.340661385859642785e-04
2.507011842405315605e-04
1.323611710510874673e-04
-2.197451857834931133e-04
-2.686534919917882291e-04
-2.008587093511593480e-04
