9.156099361575797957e-02
-4.210091583221764466e-02
-1.364128614505855097e-02
-2.897558079293816036e-03
-1.078047649288982335e-03
-1.358902428981734190e-03
1.589497797922501121e-04
-4.372300636417136843e-04
-5.379090277097264838e-04
-2.007379634928474488e-04
5.414376766221806747e-05
-3.550895223356498320e-04
-1.815653517996951294e-04
2.167772496973752183e-04
2.363940194922142801e-04
1.171648070615871617e-04
-3.703683682532155075e-05
-1.801419410656368569e-04
-1.870009403707184603e-04
-9.633065099490245586e-07
