-1.453217374591255862e+01
-1.509322482031627999e+01
-1.503264583322499170e+01
-1.500183486192855575e+01
-1.501417214579479520e+01
-1.503295860435010312e+01
-1.501357642483433175e+01
-1.501798628563432025e+01
-1.498928342084146692e+01
-1.497977714562930274e+01
-1.498295457889544480e+01
-1.499670611941330023e+01
-1.500554510001991737e+01
-1.500208460325797866e+01
-1.499144893512698218e+01
-1.498488174197768963e+01
-1.499217500939425740e+01
-1.500245491988007807e+01
-1.500654176911795723e+01
-1.500603640858839682e+01
