-9.879372805946010772e+01
-1.004211386327856701e+02
-1.001717216223357525e+02
-1.000096206319800984e+02
-9.997830553692807598e+01
-1.000132105061385062e+02
-9.999747136568883832e+01
-1.000045891019606330e+02
-1.000103063391969584e+02
-1.000039822013145283e+02
-1.000010079306816806e+02
-1.000129005826321276e+02
-1.000069220325064663e+02
-9.999420943590344280e+01
-9.999251669358291394e+01
-9.999476195309252091e+01
-1.000004386126596216e+02
-1.000070341626467183e+02
-1.000082358835291672e+02
-1.000014409865560481e+02
