2.731944638178256113e-02
6.960741167341108525e-04
2.124451867121837623e-04
9.629973352169338510e-05
3.234483207766350557e-05
2.075795377945997052e-05
1.774398529507257419e-05
1.785756259895333726e-05
1.309846153864634888e-05
1.598873283012841506e-05
1.278117510151443605e-05
1.321093906343687497e-05
1.324225258495322397e-05
1.388370907561830583e-05
1.333541513160523065e-05
1.590999530341797745e-05
1.665955436895813591e-05
1.549365675385361410e-05
1.798137790035862549e-05
1.781841360890649441e-05
1.642000444863498117e-05
