2.771277502213584931e-01
7.050598673767649247e-03
2.400459508452409702e-03
8.184171621110384546e-04
2.636357760642331870e-04
1.392442822614845411e-04
1.128191733635087481e-04
5.838889706271204030e-05
3.507510964586778947e-05
2.051442196221321798e-05
1.601494694057408949e-05
1.258399355098095545e-05
1.183899049336671253e-05
1.154801557273976508e-05
1.383094765521681902e-05
1.541180011111681819e-05
1.610807503287928886e-05
1.941202245967346072e-05
1.779310789572069576e-05
1.657685563804718213e-05
1.619138779490790505e-05
