3.579085916543274681e+00
1.206039478279867572e+00
9.308882918687542141e-01
6.739207154532199651e-01
4.379182284002324788e-01
3.050197816596292855e-01
2.015459523379662665e-01
9.726311534813220083e-02
5.228671168054106061e-02
3.252515822795411932e-02
2.436804314572224225e-02
1.952379748465641815e-02
2.125343620196581615e-02
1.792013632592019332e-02
2.253114044427309906e-02
2.134078550476671207e-02
2.042750357213866247e-02
2.289094168721102565e-02
2.074715499606112623e-02
1.923000699808377276e-02
2.202188454049291283e-02
