3.373366690640178800e-01
1.118690799399327945e-01
8.549711592291039941e-02
6.653309320181730047e-02
4.306013927810806857e-02
3.145560020417241531e-02
2.171414728118458218e-02
1.803765404208172718e-02
1.431963409119484110e-02
1.700450677602486152e-02
1.674634421858598940e-02
2.087092074105376810e-02
2.201008087122020146e-02
2.316438500808172193e-02
2.450770530436125264e-02
2.210305655717380996e-02
2.303741710878670634e-02
2.018084729171831099e-02
2.057947191265529704e-02
2.223901062753231433e-02
1.990544621602810191e-02
