1.285595019543713802e+00
4.222632587706161011e-01
2.272990282104522530e-01
1.261892542795062799e-01
2.274750275321044124e-02
2.145803490787815890e-02
1.665625968877586932e-02
2.936772775925140452e-02
1.656482505140030592e-02
1.685526079676760020e-02
1.431024884938743476e-02
7.534790801449704756e-03
7.496042168833626403e-03
3.188184889280542157e-03
8.993164036981580664e-03
9.968509305437339013e-03
1.419808795509741074e-02
1.020517447038638351e-02
5.237371604159705984e-03
8.431294415545657547e-03
1.054798661699185049e-02
