9.156099361575797957e-02
-4.210091583221764466e-02
-1.984561317787569834e-02
-8.714431074023032409e-03
-1.640379036337291652e-03
-9.895613635177991085e-04
-3.384974272084284586e-04
-6.911221135434963969e-04
-6.503893610235733647e-04
-4.696043885215051006e-04
-5.214214415083517906e-05
1.744867268244076897e-05
-2.582259223060656694e-05
1.906265422603747872e-04
3.932877928955469393e-04
2.667999171337420705e-04
1.705563666292153613e-04
4.289307225846528127e-05
-1.368885728152413606e-04
-2.250123727695063636e-04
-2.023373407503692434e-04
