-1.453601670388512801e+01
-1.509119802792258014e+01
-1.501973869679821760e+01
-1.503197133540357022e+01
-1.499147696302359023e+01
-1.501982093109248062e+01
-1.501662412384707679e+01
-1.502781144162767824e+01
-1.501053761245144713e+01
-1.499726891584027477e+01
-1.499062950948889750e+01
-1.499796297064669481e+01
-1.500176671999790479e+01
-1.500318592144827612e+01
-1.499620730954343095e+01
-1.499294492864252071e+01
-1.498759943434154174e+01
-1.499021620808581723e+01
-1.499546452884852066e+01
-1.500214260052777249e+01
-1.500666315301058695e+01
