-9.880105293894935414e+01
-1.004122974404609039e+02
-1.002264403499249283e+02
-1.001220719525858840e+02
-9.997890955851087824e+01
-9.999177941895393928e+01
-1.000010341630127755e+02
-1.000094332999704108e+02
-1.000127809292622487e+02
-1.000166325282455659e+02
-1.000108155965953216e+02
-1.000072542114551055e+02
-1.000072848712168394e+02
-1.000001201141692349e+02
-9.999184570674449901e+01
-9.999295747588477923e+01
-9.999308540146277835e+01
-9.999709775918452692e+01
-1.000026190766987924e+02
-1.000081545072505946e+02
-1.000081769440275536e+02
