4.803697465712275516e-02
-9.651392350954246524e-03
-3.515942640803015884e-03
-2.523052657247726316e-03
-5.139823022723977175e-04
-1.125474269135451344e-03
-4.661349970780936935e-04
-7.242293506336261455e-04
-8.204397018740650083e-05
3.782269405697702425e-04
5.241242170008764134e-04
1.495888978066961528e-04
4.936042374936722155e-05
-5.044832058981318923e-05
7.878493559376753552e-05
1.094758302448983756e-04
2.910566462203667548e-04
1.734469734849808376e-04
-2.307773875043217515e-05
-2.009656718842123269e-04
-2.718765544751367003e-04
