9.754999260000000172e-01
1.001481048999998791e+00
6.258077180000007900e-01
6.157873200000025804e-01
7.618235139999995909e-01
3.322665049999997677e-01
4.657007639999903859e-01
6.564304630000066254e-01
5.634761059999959798e-01
5.311280410000023267e-01
2.194387370000043802e-01
7.510461659999947415e-01
6.924905150000029153e-01
3.943022299999938696e-01
4.523512929999924381e-01
3.934751719999951547e-01
4.301330109999810247e-01
6.644275569999820164e-01
5.884453359999781696e-01
2.823218559999816080e-01
