1.323282607897905860e+00
1.343420976063120220e-01
7.968542309739884422e-02
5.971904167110034245e-02
4.516039308651152717e-02
2.922369507656508505e-02
3.038494705496164530e-02
2.661804212425394889e-02
2.487354507867879302e-02
2.215480811277564105e-02
2.010914233568362325e-02
2.192270442073552747e-02
2.341753661087317764e-02
2.738795567571875728e-02
3.047221409072167417e-02
2.276016873353761683e-02
2.474633305963280100e-02
2.422957507547494199e-02
2.643398485906345297e-02
2.403954865644923611e-02
2.119965252763650332e-02
