5.338687100606492875e-02
9.124303388785645228e-04
2.029467806774758621e-04
9.369704463834248212e-05
4.240134451571415030e-05
1.844511413120365078e-05
2.512758939413406589e-05
1.566147335575558802e-05
1.603314381753060842e-05
1.706146401055760235e-05
1.720694036523551682e-05
1.663762338779531649e-05
1.698301963021035314e-05
2.006479476068942912e-05
2.092950058456945485e-05
1.532912560076607017e-05
1.579998873115538927e-05
1.505063862227588887e-05
1.555664494033668228e-05
1.653972597590053505e-05
2.004361285342104120e-05
