3.514536975778296823e-01
1.049221116058454348e-02
2.612118855692409803e-03
7.920289103423985367e-04
3.966626022914506995e-04
1.545109095292616214e-04
1.457006652551564273e-04
7.244988717401400495e-05
5.063719341798599677e-05
3.024551385756546915e-05
2.569908286520803143e-05
2.219934239575252350e-05
1.730411191134370285e-05
1.492880784115190696e-05
1.578005418352799316e-05
1.351507517547255189e-05
1.129502147915922690e-05
1.136215839916979178e-05
1.344297581067904006e-05
1.688883130964648175e-05
1.764568778330529580e-05
