9.238640323456500880e+00
1.440515937419248216e+00
9.564670344827745918e-01
6.626894368503569721e-01
5.174984530985009545e-01
3.537001120136011312e-01
2.598779939791716065e-01
1.610116384639440068e-01
1.147853029317214973e-01
6.720138468830021139e-02
5.022220492392569235e-02
3.873614555161133260e-02
2.661699681436194634e-02
1.995836856040114626e-02
1.950762037711042257e-02
1.612065781323636024e-02
1.562867157510769087e-02
1.774924091837310272e-02
2.153124535642807202e-02
2.362433128628672885e-02
1.982412816394362592e-02
