1.047578353572814341e-01
8.407416106306304926e-02
2.072443448177767600e-01
2.422417240408641093e-01
2.611008900172032132e-01
3.456195060004083053e-01
3.161577275208999893e-01
2.748134887438395402e-01
2.930645765903129862e-01
3.338370822532044646e-01
3.335874324981494832e-01
3.475719151058475065e-01
3.309873796610421914e-01
3.214974962203303033e-01
3.220259953626443128e-01
3.171656081586196607e-01
3.176154637302325834e-01
3.125814535977665676e-01
3.177245690630396413e-01
3.334396888055385921e-01
3.153339173554768893e-01
