-7.705378588048291988e+01
-8.243236809499305195e+01
-8.603455406572935260e+01
-9.274695518781004466e+01
-9.650953462494349822e+01
-1.033551994835068513e+02
-1.088421102376563425e+02
-1.125367616608254053e+02
-1.187584905985137453e+02
-1.255481664758911791e+02
-1.292587225266012751e+02
-1.347614278123352278e+02
-1.384880570395650068e+02
-1.446421515389978936e+02
-1.514560255193369187e+02
-1.579191575151074289e+02
-1.616547326265214224e+02
-1.668336361409528195e+02
-1.705322617745941614e+02
-1.773127042252806120e+02
-1.810646705753498793e+02
