2.136805901735119306e-01
1.945800290954062817e-01
1.931052807929327098e-01
1.948835469862100767e-01
1.943234380498731484e-01
1.943061463458429228e-01
1.933487905797045270e-01
1.928463580536597943e-01
1.935347671939287029e-01
1.930526479835207310e-01
1.926717000590176809e-01
1.929491711705253465e-01
1.917996620999496971e-01
1.907689830973703371e-01
1.903096083159989682e-01
1.904981939294017046e-01
1.912388540874150333e-01
1.907991890430746906e-01
1.916430024825990230e-01
1.919430031710046558e-01
1.914938409973860889e-01
