1.799669603697754638e+01
2.020377968961008364e+01
2.172751199834026181e+01
2.439565640485229991e+01
2.594085997942961797e+01
2.877804819658596358e+01
3.105564162912851955e+01
3.260049611903907874e+01
3.521418963035614524e+01
3.804161718700420636e+01
3.957527123698633176e+01
4.187125534877542066e+01
4.339294448353912514e+01
4.591626298197211042e+01
4.871000017634023038e+01
5.138538747814382646e+01
5.295448234948697319e+01
5.508264429242623805e+01
5.664795295996513858e+01
5.947230843572161518e+01
6.100398770684970629e+01
