-4.723636885977953170e-01
-4.549162028062863072e-01
-4.530339411384707304e-01
-4.709789530606807162e-01
-4.703042075155653423e-01
-4.704603653900621962e-01
-4.675649731235806406e-01
-4.651685138113953455e-01
-4.642424890710983298e-01
-4.635564808682963722e-01
-4.632442146329061039e-01
-4.630738139712808343e-01
-4.624427406172786359e-01
-4.622146356365416375e-01
-4.622897892974092704e-01
-4.621030847870678526e-01
-4.617404020207802606e-01
-4.617673775776914846e-01
-4.616831975044264347e-01
-4.616426956842366591e-01
-4.621410402792491823e-01
