5.338687100606492875e-02
1.937124112315566490e-03
2.045326634122807304e-04
8.646982309853122920e-05
4.575950074342358700e-05
1.858703779764041099e-05
1.764835983157111616e-05
2.046710693480970679e-05
1.909222318107145575e-05
1.689739982426927812e-05
2.284004167021839096e-05
2.188318675007122486e-05
2.058165513258892348e-05
2.187376915112380923e-05
2.370536231203914282e-05
2.000882264094163608e-05
1.976050349648042685e-05
1.943527420827774010e-05
1.840011178759612051e-05
1.894077607127680709e-05
1.867463587656552156e-05
1.550025982148362056e-05
