9.238640323456500880e+00
1.783614741779825374e+00
9.478993241619332322e-01
6.658587105724769195e-01
5.251704857209764654e-01
3.996644980510862810e-01
2.564854923949391741e-01
1.677112282859348491e-01
1.213214209556388590e-01
7.279662598624629666e-02
4.820218272536391790e-02
3.858292919938277610e-02
2.812138288294576544e-02
1.988896844812126918e-02
1.845709532188504962e-02
1.872055520268467443e-02
1.729400175526586703e-02
1.726357821732084352e-02
2.081093881221893899e-02
1.983900505347467244e-02
2.055669988464257567e-02
1.969554156360663749e-02
