1.323282607897905860e+00
1.869362083064658175e-01
8.006617868300827667e-02
6.040677001475642377e-02
4.851838048527755409e-02
3.198906750723964215e-02
2.716016350223559098e-02
2.681295190622582855e-02
2.198919824659998842e-02
1.857808387206625125e-02
2.128819318240579572e-02
1.920948555828118701e-02
1.987308915598043693e-02
2.352614985794315716e-02
2.919277061133490267e-02
2.508229713400260755e-02
2.499625408076937630e-02
2.570180511723325206e-02
2.401069026675461959e-02
2.131755554451033804e-02
2.421766085704801438e-02
1.919192988916113354e-02
