3.514536975778296823e-01
1.722098221742719704e-02
2.604181025484895128e-03
7.879120488486766102e-04
3.999288254477808440e-04
1.987558567728247281e-04
1.190922315635243006e-04
9.200051557562811619e-05
7.224556574341547716e-05
4.227307862694294879e-05
3.110756706084464988e-05
2.795652694313283671e-05
2.395525345815049102e-05
1.793052261948224264e-05
1.700905922759135682e-05
1.683727126404664746e-05
1.536033374325022140e-05
1.467131962156835017e-05
1.687874622086895439e-05
1.488199154128865073e-05
1.535474932908002284e-05
1.411855630327980485e-05
