1.343707117703969722e-01
3.507398580965812029e-01
4.235118367442110565e-01
5.760802706613542268e-02
3.968805201687794493e-02
1.111063712278252402e-01
2.573642803856979536e-02
3.764902754817598535e-02
1.558937131222089094e-02
4.517841367999057139e-02
3.755909580766509520e-02
5.637308829180538022e-02
4.643862084748186930e-02
2.765898327015269345e-02
1.752823862841570643e-02
1.362477067599358882e-02
2.359671105991346593e-02
8.609413211966279386e-03
3.762323360452474175e-02
4.608307259072204343e-02
4.342259797283631699e-03
1.421978959491265737e-02
