2.136805901735119306e-01
1.906901913255842906e-01
1.929995217739594038e-01
1.948671412293019878e-01
1.943960938891939882e-01
1.945523625469363360e-01
1.936368853046375738e-01
1.930870602503904632e-01
1.932866866329373545e-01
1.938069982899045529e-01
1.933006130658209143e-01
1.932476691035071026e-01
1.925521539521065639e-01
1.916901737206591072e-01
1.906889264393206718e-01
1.906178135592080380e-01
1.904799211745118459e-01
1.910972629982361504e-01
1.905140043990057874e-01
1.902624704206019590e-01
1.916072883600143939e-01
1.914307566544450889e-01
