-7.685066949438588324e+01
-8.038421212992297171e+01
-8.679602576588399643e+01
-9.088540013948862395e+01
-9.629631231160536231e+01
-1.021650925290883691e+02
-1.058173363518615702e+02
-1.111298436724181471e+02
-1.148298347837019975e+02
-1.206363452375517085e+02
-1.243600489395258961e+02
-1.295905324318512157e+02
-1.333208771246017932e+02
-1.391410892590851063e+02
-1.443593887244497012e+02
-1.492583790899369092e+02
-1.548454356895493902e+02
-1.585587619509772992e+02
-1.649996490811071226e+02
-1.696365403170809429e+02
-1.769757294487731656e+02
-1.806873063351162614e+02
