1.790481338320294213e+01
1.931342110939474921e+01
2.204919955123258291e+01
2.363383610072693486e+01
2.585144262117845670e+01
2.827539551936557061e+01
2.980833414837243112e+01
3.200974792905790878e+01
3.357236873266397481e+01
3.600908883824320839e+01
3.755684744688382182e+01
3.972857745777204030e+01
4.126823193267752288e+01
4.366291125699456188e+01
4.580392883280251226e+01
4.782984269172571601e+01
5.012269074842843963e+01
5.167351675836616920e+01
5.432338406711672718e+01
5.622104855180104721e+01
5.930915163132569745e+01
6.083533852837709333e+01
