-4.723636885977953170e-01
-4.456740002791019784e-01
-4.517990813532586358e-01
-4.691446440289679387e-01
-4.698982619246823145e-01
-4.712231121554500968e-01
-4.678534195105745752e-01
-4.661272131882893133e-01
-4.637041177431873162e-01
-4.641696590066863859e-01
-4.635837247500540492e-01
-4.636596191391622601e-01
-4.630040010633820202e-01
-4.625100914409312480e-01
-4.622557350977514190e-01
-4.618658220068228015e-01
-4.621420143944366954e-01
-4.619091730723987599e-01
-4.617474268659633729e-01
-4.622821056676432727e-01
-4.617838209100119107e-01
-4.620215621901251346e-01
