6.854788591671886477e-01
9.898601189719410248e-03
2.863675316781605709e-03
1.069506880777224174e-03
3.842499593871694531e-04
1.865066426131079013e-04
1.233279766896981460e-04
9.089582225740389185e-05
5.678707230381514688e-05
3.749998907681124482e-05
3.332220844240468436e-05
2.794462548567026573e-05
2.005451007437254195e-05
1.826775927245948011e-05
1.776527701582994928e-05
1.503771004568736888e-05
1.550511947228534794e-05
1.392600433362857775e-05
1.493567747523131001e-05
1.625053784036401721e-05
1.691073731632957542e-05
1.750587969836376107e-05
