1.001927830894048209e-02
8.659256395657931489e-04
2.116979405005043290e-04
7.015582917139884082e-05
3.547305864017964380e-05
1.821761957319864239e-05
1.624800698797464624e-05
1.654956313430882420e-05
1.470883100105774966e-05
1.656640653100293283e-05
2.100817267075285818e-05
2.077192646216964776e-05
2.126533241639565268e-05
2.311710387514867197e-05
1.874755383924971529e-05
1.879906736395902978e-05
1.862250921883509675e-05
1.694443889395602182e-05
1.630034184049941208e-05
1.640233951888541461e-05
1.651822465404599680e-05
1.757485579962268053e-05
