5.770915180388810128e+00
1.402369513491233954e+00
1.065384090995883604e+00
8.006130823669781460e-01
5.455549294124828474e-01
4.128854846407211121e-01
2.674082951306449019e-01
1.877696276803726694e-01
1.241410644389270845e-01
7.447321400698382610e-02
5.405791376813774696e-02
3.528202390101993491e-02
2.383423369591910687e-02
2.074593599805132221e-02
1.955485130674441269e-02
1.721643804565969188e-02
1.684959913309792834e-02
1.925655355827642773e-02
2.082957555005090708e-02
2.042128041733129104e-02
2.351912209668669332e-02
2.576605737194826232e-02
