1.628944105182368041e-01
9.630297891377696817e-02
6.711652066421611162e-02
4.908436330563248351e-02
3.870474165537113320e-02
3.310136631030389381e-02
2.478577140505669463e-02
2.356187236279926392e-02
2.169422513933998500e-02
1.832326463117811555e-02
2.090456861854407891e-02
1.858034394209798212e-02
2.075538070308388314e-02
2.710173295262086751e-02
2.462391144515368308e-02
2.509163986174262409e-02
2.652577989132962749e-02
2.381596838380375253e-02
2.059479620262028715e-02
2.023371067291614145e-02
2.076066276158633830e-02
2.214403664674335914e-02
