1.011328447263689645e-01
3.768502335519033353e-01
4.423868592049103876e-01
2.112903458723305594e-01
5.098830589250798878e-02
4.806645208672194469e-02
4.445948000972498038e-02
1.752391646837137690e-02
1.088640541451025949e-02
3.437567828054187424e-02
5.956675490347590474e-02
7.527278217341588917e-02
3.478352178973397740e-02
1.791823316813449460e-02
1.139902089671726050e-02
1.267699053812706804e-02
2.351917843250478021e-02
1.539712323187073309e-02
4.324916212594400594e-02
9.376843308327633547e-03
2.255408340808492257e-02
1.686767547963337679e-02
