1.741474591379783732e+01
1.958326175833132510e+01
2.115889856462266039e+01
2.359713395580099515e+01
2.583805252664319241e+01
2.827578604152243713e+01
3.046160928199934403e+01
3.201872461512216006e+01
3.444689294468904706e+01
3.601311172920171799e+01
3.819446103578183482e+01
3.976790296988948370e+01
4.213329999532270165e+01
4.427190059622093088e+01
4.669558452126577208e+01
4.820939748302971140e+01
5.038279335854124241e+01
5.317397041331547314e+01
5.468844446758487265e+01
5.702267966135794808e+01
5.894747910851317840e+01
6.111219778449029150e+01
