-7.609378179701603528e+01
-8.105041462083062243e+01
-8.470451600859048824e+01
-9.070571236650609137e+01
-9.624399860536202311e+01
-1.021196824240327885e+02
-1.074153318175756340e+02
-1.111203950029365899e+02
-1.169278610442819399e+02
-1.206419595165732517e+02
-1.258839878221818367e+02
-1.296150470190748933e+02
-1.354157322987314558e+02
-1.406409086269452473e+02
-1.464907701291205342e+02
-1.501963368871754199e+02
-1.554728116652848371e+02
-1.621875529252551758e+02
-1.659058855231414782e+02
-1.714466043656313161e+02
-1.760403694712746017e+02
-1.813190031395002677e+02
