1.902508699416642912e-01
1.888907991459842228e-01
1.912737662061151922e-01
1.932965597663442447e-01
1.937269110080891976e-01
1.943549116753383599e-01
1.935006060808869277e-01
1.935178858695741910e-01
1.936118918608203954e-01
1.937504266601135505e-01
1.933375050259408812e-01
1.940216663823367549e-01
1.922533152413428148e-01
1.910424184277774717e-01
1.909248211363512304e-01
1.904335169601307776e-01
1.904952819060179436e-01
1.910644115500175211e-01
1.903105685295038985e-01
1.914130715118016468e-01
1.920466040780524075e-01
1.915715929726835576e-01
