-4.580636628156362633e-01
-4.397045976003832735e-01
-4.444785219302431756e-01
-4.605431002245059524e-01
-4.671058928299767210e-01
-4.686976810788039405e-01
-4.682869831340377154e-01
-4.665576564449506192e-01
-4.647950807561425091e-01
-4.639011231810570290e-01
-4.635352422852596632e-01
-4.633281361991643532e-01
-4.627003111447827721e-01
-4.621235769417704753e-01
-4.621595951617208931e-01
-4.619994414391955795e-01
-4.621069631692842350e-01
-4.618579962495271696e-01
-4.620401875654831514e-01
-4.616814422218072922e-01
-4.615766962676447482e-01
-4.619772888651866305e-01
