6.854788591671886477e-01
8.550397413648772732e-03
1.709547290422379785e-03
7.089724667507142381e-04
3.020641111411151913e-04
1.499512957655571750e-04
1.209928003607206067e-04
7.485267352945060369e-05
4.488746502490164822e-05
2.978287844458227338e-05
2.286143570629888395e-05
1.872220953211481482e-05
1.732385847561469572e-05
1.578799910025509328e-05
1.521853227122877844e-05
1.465309803003226115e-05
1.461549190842449220e-05
1.458180349186420394e-05
1.512214183624011876e-05
1.638195275063059479e-05
1.574359970204936371e-05
