1.628944105182368041e-01
8.334162907876443982e-02
6.289641275369466100e-02
4.585356779110287551e-02
3.448436308689251106e-02
3.285795760162394524e-02
2.687105662290093303e-02
2.861617554544372902e-02
1.862937547000448682e-02
1.919154006491235673e-02
1.734280830101267781e-02
1.898067997590004163e-02
2.519915330418994251e-02
2.619709191907994977e-02
2.698175652815472739e-02
2.374118421812245958e-02
2.230831491385024123e-02
2.414214106427987200e-02
2.208927965489675127e-02
2.089392071793784098e-02
2.090815847875920550e-02
