1.001927830894048209e-02
5.119815093879775481e-04
1.802121186933617681e-04
6.011377982082100741e-05
2.291864128744985305e-05
1.714435782481940360e-05
1.676120139219298258e-05
1.745619372282812350e-05
1.711444064153005832e-05
1.686640984476518555e-05
1.638418330148467232e-05
1.629264396438991584e-05
1.865957664694894988e-05
1.977639520464137340e-05
1.899252477578455457e-05
1.689082399599241264e-05
1.479243890236779177e-05
1.563046939825796203e-05
1.591865661639013820e-05
1.729404936168040013e-05
1.807897048803897000e-05
