5.770915180388810128e+00
1.346738027372050839e+00
9.133500071799707243e-01
6.998163745547197889e-01
5.230664383452834354e-01
3.821922461574699947e-01
2.672167521196527895e-01
1.621181218366153087e-01
8.410251960153385109e-02
5.657666044004799888e-02
4.230534539105364894e-02
3.047355887599599578e-02
2.323525242568911728e-02
1.897804914592670852e-02
1.688416654054688062e-02
1.829084659654312342e-02
1.906239730958281947e-02
2.050937757764829950e-02
2.229340970604659980e-02
2.031493569145307806e-02
2.207838355713198988e-02
