1.037704870281701414e-01
4.022817451535216637e-01
2.111757216762642497e-01
9.595295141836705788e-02
3.285979228995082602e-02
2.820795620720127281e-02
4.266328645700270816e-02
4.288889818630468864e-02
2.639045096450401418e-02
3.873637032002515135e-02
4.887789137431012426e-02
6.681552744660844423e-02
1.985301667826887620e-02
2.966043212292707176e-02
1.814696563718481981e-02
3.365548241625916648e-02
3.074906887518513363e-02
3.546451460806950007e-02
3.521524638360576387e-02
2.656545125462728141e-02
2.374257981475129051e-02
