1.742806347469375439e+01
1.963725871919520216e+01
2.276269676976578893e+01
2.427157183750978930e+01
2.672325327861273792e+01
2.828113418155895431e+01
3.045071356183498068e+01
3.288489311575553842e+01
3.509902413524299902e+01
3.755007532983188412e+01
3.908690767927388521e+01
4.126500432997814727e+01
4.326824185121829203e+01
4.554713928986259930e+01
4.782819416491928166e+01
5.010621136123875630e+01
5.239768303602917143e+01
5.393999529041332153e+01
5.623182959489323451e+01
5.857300417271601845e+01
6.048100588613108641e+01
