1.902508699416642912e-01
1.917104855743532177e-01
1.939600021461006518e-01
1.932571233552397016e-01
1.937440039711709749e-01
1.942648995304611659e-01
1.932884909250780492e-01
1.928022232651954160e-01
1.937516081745866980e-01
1.932855512627205119e-01
1.930522894936090861e-01
1.933311578001760678e-01
1.915725307128319788e-01
1.909784524585617649e-01
1.905992674244818552e-01
1.904448753081642853e-01
1.905440576421967291e-01
1.907016145239330829e-01
1.908788156790589552e-01
1.922165240339719361e-01
1.920015454624981466e-01
