-4.580636628156362633e-01
-4.372870439133045295e-01
-4.590959326756434145e-01
-4.658977586496959589e-01
-4.674786444557530452e-01
-4.683704722469823611e-01
-4.683954263398111273e-01
-4.652659568245098853e-01
-4.641583473436752261e-01
-4.637708648929514954e-01
-4.632917762566112208e-01
-4.630771555153365693e-01
-4.625368606420730000e-01
-4.620059500629858373e-01
-4.620456562146401103e-01
-4.622045125912616070e-01
-4.622170604722289911e-01
-4.620140139781426791e-01
-4.620758767289407931e-01
-4.617552105243464267e-01
-4.616483829519693050e-01
