-7.612584625341312972e+01
-8.102769791760802320e+01
-8.862560999715481103e+01
-9.245405279213770200e+01
-9.837931060421854568e+01
-1.021204555212091236e+02
-1.073994103952713601e+02
-1.132278799623359617e+02
-1.184546169190066252e+02
-1.243461881425622835e+02
-1.280382458410281572e+02
-1.332553301938151264e+02
-1.381945791374135126e+02
-1.437144345312617588e+02
-1.492628798303420012e+02
-1.548104900829026462e+02
-1.603445384127418833e+02
-1.640652901156310008e+02
-1.695928535594581206e+02
-1.751317128957538785e+02
-1.797416520010337706e+02
