4.888337459999999579e-01
5.653860070000007454e-01
3.393256349999980159e-01
6.365289829999980498e-01
4.170605150000028516e-01
9.220069560000041520e-01
4.678319709999954057e-01
2.845651009999983216e-01
7.304721720000060259e-01
8.259993599999972957e-01
2.070717479999899524e-01
3.052186110000008057e-01
2.032267019999949298e-01
1.880114680000133376e-01
3.198385869999924580e-01
4.214114449999897261e-01
2.341196539999828019e-01
1.747519309999745474e-01
3.165310970000234647e-01
2.361123880000093322e-01
2.132413090000113698e-01
