3.129070360000000273e-01
3.169900480000000798e-01
3.513740520000006029e-01
4.867640639999990526e-01
1.016309787000004405e+00
9.102299139999985300e-01
3.488394949999999994e-01
4.883903120000070430e-01
1.786712649999913083e-01
5.135624629999995250e-01
8.880626440000014554e-01
4.041510090000031141e-01
2.560639410000078442e-01
2.273431479999885596e-01
3.369008280000116429e-01
3.246179319999953350e-01
4.870177520000140703e-01
1.954057359999978871e-01
1.370045580000009977e-01
2.946897170000113420e-01
7.843982130000028974e-01
7.418855069999779062e-01
