5.987581799999999177e-01
5.311079589999998518e-01
3.236502449999996145e-01
6.955462100000033843e-01
8.076109609999946315e-01
7.780882439999956546e-01
3.918800280000027669e-01
5.023711780000041927e-01
2.645369049999999334e-01
5.602284090000040351e-01
1.182534339999961048e-01
1.711161000000060994e-01
1.993454400000018722e-01
1.832243320000088715e-01
2.458282700000040677e-01
1.388233060000061414e-01
1.361669899999924382e-01
1.561958199999935459e-01
1.612912840000149117e-01
1.934586550000005900e-01
2.262821699999904013e-01
3.552699069999789572e-01
