3.883066969999999785e-01
3.137270080000007511e-01
2.441056599999988919e-01
7.398678019999991307e-01
9.788196100000021715e-01
2.832107349999972712e-01
2.291549310000107198e-01
2.629027699999966217e-01
6.734642179999923428e-01
2.381823090000096954e-01
2.085383940000014036e-01
1.748776509999885320e-01
3.314656969999987268e-01
3.695621959999755290e-01
1.343572469999969599e-01
1.421349930000133099e-01
2.483709089999877051e-01
2.061235220000128265e-01
1.575483109999993303e-01
6.673113520000129029e-01
6.916009830000007241e-01
