6.863028690624348727e-01
1.048795885870628178e-02
2.622886809009870434e-03
4.963744421121283213e-04
2.394596913368540552e-04
1.317168658011687798e-04
8.585965825054492481e-05
4.720833531576350392e-05
3.107978032258903404e-05
2.608155418471122658e-05
2.105093513549704273e-05
1.683646897251651748e-05
1.577294984935977395e-05
1.589066174364666390e-05
1.349382433103940370e-05
1.265426483105009620e-05
1.454740442012677308e-05
1.367338110160265735e-05
1.344594645686521816e-05
1.163828067756587150e-05
1.480226913296581659e-05
1.442545326648421981e-05
