5.792827510557723159e+00
1.339160697041249071e+00
9.341858429410696552e-01
5.502494095572768584e-01
4.173130638866155984e-01
2.989302282158830537e-01
1.804502076585097203e-01
9.330772186298308402e-02
4.616100143581256671e-02
3.331497315445231672e-02
2.404907147329802056e-02
1.888932576674266783e-02
1.795397692325819902e-02
1.850670081262518335e-02
1.603621250496766251e-02
1.538743758489819966e-02
1.636267452614576651e-02
1.618927431412246071e-02
1.446748161522330538e-02
1.510932456924954544e-02
1.971633711229452135e-02
1.921768301418577685e-02
