1.020575970557908996e-02
8.714424530326768522e-04
2.574729732122003532e-04
5.140962514602711632e-05
2.933348996907141754e-05
1.757582075308181463e-05
1.355101176817417778e-05
1.474252077089274694e-05
1.930248614147870223e-05
1.771625903400892132e-05
1.991964225611425523e-05
2.459561985265603385e-05
2.689647121768114153e-05
3.084243026304241928e-05
3.293140342729637785e-05
3.550505445073301859e-05
2.777098012970035900e-05
2.427878290049672783e-05
2.780278624455054059e-05
3.052329858849228201e-05
2.495932680410919809e-05
2.622780201568835324e-05
