1.659468509661375379e-01
9.663684612918703454e-02
7.062415933521200284e-02
4.276534744319221426e-02
3.478075215251887758e-02
2.870800791154198492e-02
1.948784092736223494e-02
1.661382657156912010e-02
1.578157504856869675e-02
1.552527952896956900e-02
1.873309931588944960e-02
2.405004390650127000e-02
2.561489601075033970e-02
2.794400985850524835e-02
2.983413114468818489e-02
3.083475493721026320e-02
2.797140695142189340e-02
3.094758468730439763e-02
4.970211286868892603e-02
4.238968761399647400e-02
4.269018204514214709e-02
4.237799937095298314e-02
