3.638641911774656568e-01
1.778608305419689950e-01
2.047167588548843564e-01
3.115661265630086454e-02
3.219849741995518821e-02
2.235537381310356495e-02
1.940599400213509698e-02
3.594514377402134586e-02
3.768691557843606432e-02
3.375365197310156024e-02
3.532984734127249393e-02
7.594506996514985286e-02
5.933766445625680147e-02
8.700973771188643194e-03
1.542931358917829128e-02
5.556134810557776527e-02
6.109947373813491567e-02
5.072243303068905973e-02
4.689144038609119325e-02
6.095429707059663721e-02
7.858955951819236729e-02
2.427622899881341501e-01
