1.768347333739086480e-01
1.873275441480619641e-01
1.899923373166648721e-01
1.923715927765374256e-01
1.927070164305812461e-01
1.935517776124459077e-01
1.933094069418075378e-01
1.921932922924460274e-01
1.917805663642649927e-01
1.916400660170064496e-01
1.920360999368706523e-01
1.914180682412194301e-01
1.925793785032654526e-01
1.928157623023172285e-01
1.920843400511866861e-01
1.916738439684340101e-01
1.911571313510960213e-01
1.914810339540409245e-01
1.910413280713021411e-01
1.909796956854878935e-01
1.907897137918497243e-01
1.902293056511923375e-01
