1.744762194635626074e+01
1.901991471029738534e+01
2.165981978072953495e+01
2.407271955177591849e+01
2.564775401825475853e+01
2.791810332984783827e+01
2.944824260379362713e+01
3.178582055469832923e+01
3.333115451857295142e+01
3.557567515596026197e+01
3.711082547157733558e+01
3.944584455688234925e+01
4.102927840722992414e+01
4.371773737522495651e+01
4.528164116217180180e+01
4.749962450188976959e+01
5.011880315555402632e+01
5.241649747524087388e+01
5.393268684129152746e+01
5.664230421099553325e+01
5.903635089813857206e+01
6.056967863571281896e+01
