-7.575738924548683428e+01
-7.972966161648901107e+01
-8.605924339306778847e+01
-9.191541146633538517e+01
-9.568920458928138828e+01
-1.011292589859164366e+02
-1.048318190686120204e+02
-1.105480858686986068e+02
-1.143478726073261811e+02
-1.197564254972421764e+02
-1.234724996561929800e+02
-1.291888033657441213e+02
-1.329151110184696449e+02
-1.393193383636219664e+02
-1.431443963488199813e+02
-1.484287943061481769e+02
-1.548418151089589401e+02
-1.603427214271315790e+02
-1.640799300014351161e+02
-1.706915389883368164e+02
-1.765183798747566186e+02
-1.805276183134762960e+02
