-4.136724343125450787e-01
-4.639791090754261660e-01
-4.606374209330010849e-01
-4.670731270368364552e-01
-4.664764786403068353e-01
-4.673394170612738541e-01
-4.662368092877349213e-01
-4.660790311841691569e-01
-4.663908600692163731e-01
-4.654639826627477994e-01
-4.655880157541553155e-01
-4.655663763571618041e-01
-4.649968729814175639e-01
-4.626788724026157373e-01
-4.629285396396731755e-01
-4.606214897685227960e-01
-4.616428215896049014e-01
-4.616241035142543137e-01
-4.624772910788379487e-01
-4.629762862207025265e-01
-4.635124506777557052e-01
-4.666357210028018176e-01
