1.020575970557908996e-02
8.714424530326768522e-04
2.574729732122003532e-04
7.005863566015516769e-05
2.887759113654837030e-05
1.901683959895967440e-05
1.350503357864513409e-05
1.384283556966095295e-05
1.580302606718753642e-05
1.638220829590098106e-05
1.913398766479094352e-05
2.459561876266958179e-05
2.389593679798698964e-05
2.566386487557824716e-05
2.929777201260676676e-05
3.459800334981145921e-05
2.853096304624400486e-05
3.318428400585281095e-05
2.794046732351416565e-05
2.751178125404928857e-05
2.299148446009380040e-05
2.164315643881641217e-05
2.145409550300001061e-05
