6.863028690624348727e-01
1.048795885870628178e-02
2.622886809009870434e-03
8.246018743111847588e-04
3.338056507230681555e-04
1.308988702623386526e-04
7.806891974893823702e-05
4.474434786918897754e-05
3.023108468000386292e-05
2.485408005803945485e-05
2.155549794112790173e-05
1.683646919251077751e-05
1.559865324091667011e-05
1.588864133730581715e-05
1.349604178491283639e-05
1.270978850489371427e-05
1.515155570983434447e-05
1.783470920257174621e-05
1.834598036227354410e-05
1.469096191560810661e-05
1.594124357994956094e-05
1.484158171868556675e-05
1.302284139240695981e-05
