1.659468509661375379e-01
9.663684612918703454e-02
7.062415933521200284e-02
4.787498604004839647e-02
3.419666283186778566e-02
2.773233992924019342e-02
1.812388551523961763e-02
1.484741474447038266e-02
1.552656736968699436e-02
1.817225465173780835e-02
1.988288136923925878e-02
2.405004259529389121e-02
2.433506906405022083e-02
2.617529451866478993e-02
2.959550205793793493e-02
3.311610792250848506e-02
3.226550894541713871e-02
3.646526351947574490e-02
3.575786224445588052e-02
3.578193070008948984e-02
3.302706996633059111e-02
3.601496523638714892e-02
3.413192922578350830e-02
