5.792827510557723159e+00
1.339160697041249071e+00
9.341858429410696552e-01
6.586485885066349910e-01
4.601976083515837979e-01
2.760957855996278854e-01
1.640740949356141731e-01
9.048612367332295459e-02
5.552327733836990437e-02
3.932348034476855492e-02
2.751176517050736570e-02
1.888932518807713914e-02
1.786467179361780552e-02
1.851249728547577772e-02
1.605823189196545556e-02
1.550499931427420583e-02
1.675576519012885943e-02
1.613786948388095180e-02
1.534971576675147990e-02
1.555652574541297080e-02
1.883826795183681652e-02
1.930951097651905160e-02
2.077041011427539427e-02
