2.084563205053203694e-01
3.421396939605469284e-02
4.286999731610384445e-02
4.287200172818576849e-02
1.075143549932062181e-01
1.236567747298592257e-01
1.175015439333437356e-01
7.268513942287989360e-02
9.376982254388913085e-02
4.275154393265191699e-02
6.495528950112493261e-02
8.877658661027636178e-02
9.542492563728659227e-02
4.686070929905583604e-02
7.028221178837376626e-02
2.314765410785165484e-02
6.212240399017229797e-02
9.609178208320150183e-02
1.148639571515421703e-01
1.670056080610690108e-01
1.600002926204552589e-01
4.128449198176120660e-01
3.395596072922158482e-01
