1.768347333739086480e-01
1.873275441480619641e-01
1.899923373166648721e-01
1.926524947920274788e-01
1.927869070724898548e-01
1.943078982693184908e-01
1.934771671147792471e-01
1.922417908891126404e-01
1.918325896194470470e-01
1.915799232608875746e-01
1.908265649248788165e-01
1.914181724124497386e-01
1.923827004657050477e-01
1.924770114659765108e-01
1.919929238325341903e-01
1.917181852514544538e-01
1.918082422668885290e-01
1.908795379228562794e-01
1.908323730155947473e-01
1.903086614417686118e-01
1.906894479553549182e-01
1.902571552083778261e-01
1.910648684900586591e-01
