1.750244071370217114e+01
1.906861987177588702e+01
2.137863112150092704e+01
2.297076576077936494e+01
2.529306737191330257e+01
2.764091757950792072e+01
2.993240055789319598e+01
3.146610326820188419e+01
3.373730328803922873e+01
3.526482364672817482e+01
3.752003802571217506e+01
3.910511969415658484e+01
4.138887421033744829e+01
4.370923474528520103e+01
4.529726594925968897e+01
4.752881064724347482e+01
4.907566918929295241e+01
5.139987537281962915e+01
5.448696435507903146e+01
5.602428150814325392e+01
5.821452851444757925e+01
6.082491361736608582e+01
6.241295406381396305e+01
