-4.136724343125450787e-01
-4.639791090754261660e-01
-4.606374209330010849e-01
-4.632198380512475566e-01
-4.671595090225411084e-01
-4.686528884965217578e-01
-4.662204672566909736e-01
-4.658881487486690176e-01
-4.662259062409100929e-01
-4.643941362578378751e-01
-4.650006972426574681e-01
-4.655664135776966805e-01
-4.649528817582807561e-01
-4.626753680541738079e-01
-4.629367388269285399e-01
-4.606440972484281415e-01
-4.617637240427242551e-01
-4.629693695610967996e-01
-4.630641680993419218e-01
-4.636132569137413340e-01
-4.634753018104875721e-01
-4.672219139467954641e-01
-4.659747450554030390e-01
