-7.588562770012372027e+01
-7.985029618484864500e+01
-8.537750001008708978e+01
-8.913168088062290906e+01
-9.483922679919041343e+01
-1.004273847917497733e+02
-1.059725691503070095e+02
-1.097523440566426132e+02
-1.153175389162280169e+02
-1.189758444137188889e+02
-1.245145304135530466e+02
-1.283600972474449691e+02
-1.338015360324212679e+02
-1.393371462764034163e+02
-1.431997134625082140e+02
-1.485028189412328175e+02
-1.522692977282377740e+02
-1.580237718761692918e+02
-1.654724966734932821e+02
-1.692991378757782286e+02
-1.745557968722102089e+02
-1.812751051272601615e+02
-1.849373697147342739e+02
