5.792827510557723159e+00
1.395660716428475556e+00
9.530535477945855094e-01
6.194422706500912756e-01
4.421510841271850123e-01
2.933787994801862475e-01
1.431107741365782449e-01
7.210668950989025661e-02
4.291496848730274455e-02
2.912776842989156859e-02
2.353919571079982412e-02
2.075226691400833962e-02
1.701752801124491524e-02
1.745673137382847129e-02
1.878387562737439745e-02
1.617205944577214741e-02
1.639015452151891192e-02
1.714244908858400876e-02
1.520094425473186676e-02
1.611560396238267273e-02
1.896791306165010807e-02
1.971822152193310543e-02
