1.659468509661375379e-01
9.775656614971756087e-02
5.762267054439090819e-02
4.509120784639614882e-02
3.278235944365777421e-02
2.644390279674146277e-02
1.895583105203836605e-02
1.596346540226289967e-02
1.423460959782640867e-02
1.654626940766704482e-02
1.985654115172282713e-02
2.208193380141907497e-02
2.780141887792286423e-02
2.782444144472165370e-02
2.637173868888139511e-02
2.979230468314114644e-02
3.007263119324423209e-02
3.219379151237809766e-02
4.681097705461539221e-02
4.895338685113838351e-02
3.776689826263370658e-02
3.372335040573411907e-02
