1.020575970557908996e-02
8.715190531235437197e-04
1.084763606920290970e-04
5.146383626701362334e-05
2.343870013224707760e-05
1.467155698228812363e-05
1.470385843025237275e-05
1.472837802061998638e-05
1.593213145210829873e-05
1.718017379683528935e-05
1.740630444536334795e-05
2.031304075187155314e-05
2.571043219385978136e-05
2.367382780566737238e-05
2.723016075192942915e-05
2.800959927697261215e-05
2.412497581708449672e-05
2.674050974194920006e-05
3.363493123364420979e-05
3.329185421767089239e-05
2.692324059458822423e-05
2.144667102527029608e-05
