6.863028690624348727e-01
9.573115562386250513e-03
1.770625907875993414e-03
5.088657835621646433e-04
2.364122569515283046e-04
1.205164716331671141e-04
6.466753714706536193e-05
3.890372481790459945e-05
2.830641563427874362e-05
1.981050500344108472e-05
1.759093225751193995e-05
1.745504587213509511e-05
1.310625060210755153e-05
1.376340696829060524e-05
1.600719194138390002e-05
1.326980502816565467e-05
1.418256536976232585e-05
1.541578854642291891e-05
1.199742641814228757e-05
1.152544091698860306e-05
1.575105601302361131e-05
1.645923604667322813e-05
