4.058340255080589154e-01
1.078387049008934229e-01
1.464176634138793787e-01
8.624139174060063695e-02
4.298140990529019517e-02
8.208354440773496519e-02
4.320545118735839851e-02
5.952362662086409933e-02
4.779505320741992552e-02
3.336276540149960002e-02
6.223513050913435929e-02
4.286516238434976561e-02
3.879210120332562961e-02
9.780568213008636325e-02
1.438094876735401817e-01
1.559231952715110781e-01
2.036926759455818248e-01
2.338757341368209453e-01
2.556867168447731209e-01
2.946322445632026943e-01
2.589077263996075184e-01
2.482712284212094389e-01
