-7.573670562377121485e+01
-8.169991795339259966e+01
-8.717604682163620566e+01
-9.277277268910805219e+01
-9.658784745471608346e+01
-1.021247373970845729e+02
-1.077048522477680166e+02
-1.114860506825942252e+02
-1.170838602273904030e+02
-1.226140037194717110e+02
-1.264131310054063988e+02
-1.319740268983404690e+02
-1.373957980373315024e+02
-1.411766282270673400e+02
-1.466903832850768481e+02
-1.529912727943390394e+02
-1.567774992993197429e+02
-1.621759613206774304e+02
-1.694773434084012820e+02
-1.731936820129762680e+02
-1.787928857365756130e+02
-1.826577158938121386e+02
