1.743878020968756815e+01
1.975114407112988602e+01
2.212104073767293499e+01
2.443197647094536507e+01
2.603082457930424454e+01
2.833248572802607512e+01
3.065023688614675379e+01
3.218772826765373196e+01
3.447214521316097091e+01
3.675874937359675698e+01
3.832190234828772191e+01
4.062589623560246110e+01
4.292510024260955248e+01
4.450372570749540557e+01
4.677197174514337519e+01
4.932776729796051995e+01
5.084972650504760594e+01
5.310521410822154564e+01
5.610669731761996815e+01
5.767989377395154804e+01
5.995016583351269901e+01
6.148411076681399834e+01
