1.768347333739086480e-01
1.872679743490099358e-01
1.915559986236190504e-01
1.923720946303884016e-01
1.934906045432898125e-01
1.930601088081320416e-01
1.937098072788123737e-01
1.922854671951983452e-01
1.920501869630368841e-01
1.918644790485288798e-01
1.915043129342347550e-01
1.918235210693395310e-01
1.929058109901689022e-01
1.925561301989411334e-01
1.920742579134411265e-01
1.909278235253566436e-01
1.902448335852306993e-01
1.905609858925396694e-01
1.908259505275076151e-01
1.916421241745114301e-01
1.914740056742352259e-01
1.908292840541891966e-01
