-4.136724343125450787e-01
-4.703160089755291651e-01
-4.628363439969582771e-01
-4.656797073043298374e-01
-4.672068383865943808e-01
-4.652967112896957413e-01
-4.659375649355695925e-01
-4.656516529274175031e-01
-4.656359723771001935e-01
-4.654908720178921877e-01
-4.650069448053046894e-01
-4.650560439119456602e-01
-4.636109522464992860e-01
-4.617509570721157752e-01
-4.615332037130532861e-01
-4.625123808517526136e-01
-4.631520080466060563e-01
-4.629864943161345892e-01
-4.632223067599108290e-01
-4.621374724243407783e-01
-4.636344456857577345e-01
-4.661709471633083135e-01
