1.020575970557908996e-02
8.715190531235437197e-04
1.575632056324814158e-04
5.162000245467374972e-05
2.868093830132287291e-05
2.124128906595185821e-05
1.608934992666958495e-05
1.571175407590709311e-05
1.940069618702266687e-05
2.021271471851617072e-05
1.843476227460721529e-05
2.172886174705753118e-05
2.701741330003804221e-05
3.000843868653224803e-05
2.641676956271635311e-05
3.263645557068271065e-05
3.431222103829939838e-05
3.598029720155790373e-05
2.969632401353884037e-05
3.365851401759162206e-05
3.683390617687076193e-05
3.079898483935376413e-05
2.531398852017672504e-05
