5.792827510557723159e+00
1.395660716428475556e+00
9.972331569457806300e-01
7.043595684602981244e-01
4.539117789719905871e-01
3.116809190823220388e-01
1.619394354793078361e-01
8.336311587216667374e-02
4.754445808104321852e-02
3.455306310470301900e-02
2.722354111637015350e-02
2.061717503990783545e-02
1.699380600589276216e-02
1.716232596228828983e-02
1.896983943832422637e-02
1.676531699662522218e-02
1.571624175310317589e-02
1.614845519374610155e-02
1.811569666787915533e-02
1.678936731704978869e-02
1.587949867743725443e-02
1.933448872254859424e-02
2.395457703283428164e-02
