1.659468509661375379e-01
9.775656614971756087e-02
6.285741293506089122e-02
4.412648229192536742e-02
3.362509880727963113e-02
2.982154010329185131e-02
1.830940325199876054e-02
1.574659323596774851e-02
1.689175965526994172e-02
1.645186323217848190e-02
1.709069993073420585e-02
2.159186838985116541e-02
2.750756951805480646e-02
2.767601145377104541e-02
2.623567844022579171e-02
3.062291010810497260e-02
3.196144611842829941e-02
3.138576754430658089e-02
3.244742175953363450e-02
4.230224223062930416e-02
4.301367670873287863e-02
3.664733053697540738e-02
3.159105924289618700e-02
