6.863028690624348727e-01
9.573115562386250513e-03
2.167509103445445107e-03
7.541278180145954578e-04
2.783508332764690011e-04
1.473459365321403921e-04
9.199456209534764384e-05
5.226935203776009864e-05
3.154662737162825952e-05
2.526713328530743338e-05
2.289677108018190203e-05
1.900084971379468172e-05
1.559951157905715955e-05
1.491352741981402922e-05
1.722339720085659778e-05
1.605938823463879352e-05
1.487610259979544819e-05
1.520403581390564576e-05
1.861032491911710380e-05
1.964811955127514876e-05
1.730074738128368578e-05
2.013278259875508704e-05
2.395836035372481254e-05
