3.113054159058284975e-01
9.687144180240608859e-02
6.590143020408265051e-02
1.648615943361998459e-01
3.727114168987156334e-02
3.858693835405297562e-02
3.292400221431124319e-02
8.785938288383317307e-03
3.911126387877823102e-02
2.428591545311993213e-02
4.262018641609560676e-02
4.777281320841982731e-02
7.914067729818582975e-02
4.322050740059761587e-02
3.388655286748844253e-02
3.743282468352319980e-02
4.529956370619148825e-02
9.489902182771567385e-02
7.981691147789704566e-02
7.264966301238702517e-02
5.747622972544552677e-02
3.492395674600925343e-02
1.867106539305359303e-01
