1.768347333739086480e-01
1.872679743490099358e-01
1.914292850601850837e-01
1.920313615900138826e-01
1.927015404321326675e-01
1.929500488014854187e-01
1.937449383682987580e-01
1.922534106272264509e-01
1.916870142760729312e-01
1.918814142787719224e-01
1.914723117685450671e-01
1.922645683920891635e-01
1.922202308038013507e-01
1.922748522446755537e-01
1.920727789289460308e-01
1.917196536060510326e-01
1.909305274544943476e-01
1.902380408916092280e-01
1.908542233820278433e-01
1.907287173047329532e-01
1.908218623530775204e-01
1.919233703485037079e-01
1.902974533316070804e-01
