1.747061046169486787e+01
1.977923426728224143e+01
2.137507716743302666e+01
2.370280310571859061e+01
2.526631345150209285e+01
2.753846935241306326e+01
2.913084964918338926e+01
3.142364407876991805e+01
3.295329285087304072e+01
3.522346548749077044e+01
3.675302582238050775e+01
3.909336673689089992e+01
4.065469966567867033e+01
4.290192629213510145e+01
4.447024052068032063e+01
4.678953277159023827e+01
4.834909003653089599e+01
5.053421042365651772e+01
5.209730571285312095e+01
5.447515150964655106e+01
5.665187388189015394e+01
5.823874094141529412e+01
6.058099841355159754e+01
