-7.581116666194746756e+01
-8.177046535473893130e+01
-8.536479226263979569e+01
-9.087223454446363746e+01
-9.475998204374351985e+01
-1.002188768151472402e+02
-1.040327850937521958e+02
-1.096711364771247332e+02
-1.134435990220371195e+02
-1.188816594257795742e+02
-1.226269081696382841e+02
-1.282495302766795646e+02
-1.320514128402347467e+02
-1.373985925995053776e+02
-1.411625454746431956e+02
-1.467698054158282730e+02
-1.505950114574867769e+02
-1.559735799364273703e+02
-1.596803942811756372e+02
-1.654423306385396302e+02
-1.706878317838456383e+02
-1.744415431714920146e+02
-1.803981846683133767e+02
