-4.136724343125450787e-01
-4.703160089755291651e-01
-4.619255864301217152e-01
-4.596830141752579202e-01
-4.657880088279724440e-01
-4.654510059103582620e-01
-4.659761722128477057e-01
-4.662869871927306509e-01
-4.665622237849057496e-01
-4.654279719153915362e-01
-4.653953450663003699e-01
-4.651263964746192858e-01
-4.655433861555485775e-01
-4.634868852222051583e-01
-4.627127047515757763e-01
-4.614722813434655180e-01
-4.617281776566920515e-01
-4.633235390663050790e-01
-4.635230775984825469e-01
-4.627581053621502294e-01
-4.618737819633755848e-01
-4.611099561112006473e-01
-4.648851594166245604e-01
