1.086145971999999960e+00
3.471189660000000288e-01
4.869218289999999172e-01
5.361961240000034934e-01
7.057020430000022770e-01
3.541528140000025360e-01
6.764654009999944151e-01
6.280703669999923022e-01
1.936143389999926967e-01
6.551071279999973740e-01
5.081166840000008733e-01
6.157365040000115641e-01
5.258059890000055248e-01
4.253905120000069928e-01
2.447888779999800590e-01
3.211362920000055965e-01
3.060063460000037594e-01
3.133374600000138344e-01
2.745905820000018593e-01
5.750139700000147513e-01
7.228758170000162409e-01
4.500339699999926779e-01
1.610819459999959236e-01
