9.377508559999999660e-01
3.332269610000011539e-01
5.594733410000003460e-01
2.222462470000010626e-01
4.037870110000056911e-01
4.037780859999955396e-01
3.622851330000003145e-01
8.523370300000010502e-01
3.476732100000106129e-01
7.071865839999986747e-01
5.477232700000058685e-01
5.621210619999885694e-01
3.209979310000079522e-01
4.483022709999886501e-01
7.795924689999935708e-01
6.195066300000178217e-01
2.846948359999998956e-01
2.142494569999939813e-01
7.506046150000145190e-01
3.949551659999883668e-01
6.338857499999903666e-01
3.729329440000128670e-01
1.766304439999828446e-01
