1.282138993000000005e+00
3.843583779999999450e-01
1.882141259999983163e-01
2.052539889999991374e-01
2.872372619999978838e-01
1.266359390000033613e-01
2.715623770000092918e-01
5.096509950000012168e-01
3.654728009999956839e-01
4.958498789999907785e-01
2.372612199999935001e-01
4.451554870000080655e-01
2.300821989999803918e-01
2.347938559999818153e-01
2.967275199999903634e-01
2.751428690000068400e-01
3.493823400000053425e-01
3.556115510000097402e-01
2.977102889999798663e-01
1.526208409999867399e-01
2.245095670000125665e-01
2.203738190000024133e-01
