1.139149050999999968e+00
2.361455800000005212e-01
2.428928699999985952e-01
1.739866989999967473e-01
2.857983370000027890e-01
4.831074639999997089e-01
2.247119390000023031e-01
3.071032339999959504e-01
3.896036350000002813e-01
2.923678190000060795e-01
3.830882699999875740e-01
2.258717010000026448e-01
2.267610030000071220e-01
5.023097350000114147e-01
7.486526559999902020e-01
5.332786730000123043e-01
3.516318930000181808e-01
2.442276259999971444e-01
3.824250580000239097e-01
7.407509399999980815e-01
5.346301050000192845e-01
1.955553259999760485e-01
