2.727668740190117985e-02
1.691114158887981750e-02
1.048467326952324565e-02
8.756601617465492940e-03
5.387973855653359692e-03
3.582332200807949833e-03
9.976941131468238660e-04
5.540520831454834186e-04
1.384242735332225603e-03
2.206451280997936623e-03
1.392335824277085576e-03
9.689936682180915611e-04
6.405510358032900746e-04
5.324908463459124535e-04
4.320870820329314986e-04
4.201430626076922974e-04
3.594818909479102656e-04
3.471357001375481870e-04
2.924330668495996781e-04
2.824941357816103979e-04
2.420853678241102649e-04
2.340100028766380460e-04
