8.556588319371174209e-04
9.390083264578059029e-05
1.114941594087001141e-05
8.129040132342484968e-06
4.382226992351625214e-06
2.780016045397907843e-06
1.224195124259870937e-06
6.064157607089895774e-07
7.648741748262076825e-07
1.363451388054452998e-06
9.028538646924375781e-07
7.260965751214121015e-07
4.604228017088052558e-07
3.906862707801110796e-07
3.062747955910577166e-07
2.967839876548256586e-07
2.407631045550564321e-07
2.689558162412950274e-07
2.428581896821987349e-07
2.239847255970182675e-07
2.018240677999669521e-07
1.759602693552250429e-07
