8.341977646878505662e-05
5.974914448488160400e-06
1.329847103315709548e-06
9.200326109058773900e-07
4.851721734997797110e-07
3.828416299584929925e-07
2.958207969873691412e-07
2.046691528646419814e-07
2.788871565218521660e-07
3.459512879370596397e-07
3.349321359025384979e-07
2.778727824631736755e-07
3.859461862582310371e-07
2.297609735239259527e-07
2.474137451381540343e-07
1.980193172174180114e-07
2.734835098344313813e-07
2.844952787751393418e-07
2.947893607996791096e-07
2.962939660010524932e-07
2.850705260133868262e-07
2.952333101425899700e-07
