1.771738837531276235e-03
1.155265483746835062e-03
8.816629011855615754e-04
7.678871720121254385e-04
5.227769178849363220e-04
4.696830773194269389e-04
2.453397647445769805e-04
2.095809678006352414e-04
3.597535598178043460e-04
4.684030099472162763e-04
3.987069756442182750e-04
3.236087636107109816e-04
3.710586488394963561e-04
2.670238211365074982e-04
3.061991964947101516e-04
2.785854750622570328e-04
3.803364871071565297e-04
3.646600305683753000e-04
2.926323710213007316e-04
2.596108038834488651e-04
2.928011182656969089e-04
2.750915443626752565e-04
