5.442065550259779505e-02
2.902016754890264158e-02
3.931933194751573157e-02
7.230524947351060772e-02
2.389133194278968420e-01
2.639127481202353520e-01
2.351502185544107615e-01
2.076625597111897981e-01
1.532085109451401528e-01
1.459873860539425972e-01
1.134552383635378109e-01
1.006593436668545699e-01
1.004142941049072646e-01
9.452445693585347086e-02
1.021127899394346367e-01
9.497977947783314834e-02
8.272785642617702662e-02
9.070381178898405394e-02
9.651492274244356795e-02
5.122592482218738669e-02
5.387344752979724566e-02
6.837777344490383880e-02
