1.939533353117592895e-01
1.956678211943683188e-01
1.976494333038638640e-01
1.994023160012756424e-01
1.990176589724297618e-01
1.981213050092425210e-01
1.964781589932267925e-01
1.953454728289098496e-01
1.927250642887983201e-01
1.922464044280151052e-01
1.916319383807933430e-01
1.914486581357288664e-01
1.914454384714362467e-01
1.913399153140789011e-01
1.911569725795170815e-01
1.909903260854096674e-01
1.908366680622664013e-01
1.905778001657058018e-01
1.907467776905904522e-01
1.907981064110026992e-01
1.909101977528973038e-01
1.911291046379276493e-01
