-4.683258062201804961e-01
-4.700724769950044291e-01
-4.768758472019261063e-01
-4.841402424640304236e-01
-4.811832227757131264e-01
-4.779827348859998493e-01
-4.726968486879271070e-01
-4.704281950977637905e-01
-4.650076759420359029e-01
-4.643500296490054025e-01
-4.625577324279487312e-01
-4.619382083486763269e-01
-4.616817993410835541e-01
-4.616764139356210883e-01
-4.620977684376692540e-01
-4.615806311853525301e-01
-4.609834760767543838e-01
-4.608896160541477993e-01
-4.608808020448732501e-01
-4.603233117533682694e-01
-4.606020578190010983e-01
-4.609616467935477857e-01
