-7.793111072970802411e+01
-8.398004189506218609e+01
-8.761461930321971181e+01
-9.346031252025650815e+01
-1.002475805884284910e+02
-1.039720509153646191e+02
-1.095127867546512874e+02
-1.132165416050345215e+02
-1.186393139924612115e+02
-1.223676704572307585e+02
-1.279296241681991404e+02
-1.316725327455025081e+02
-1.379713505750233651e+02
-1.437225740191177010e+02
-1.474807794531736818e+02
-1.527410377417527343e+02
-1.564241423814642076e+02
-1.621794526435199373e+02
-1.659139054341627002e+02
-1.711477328936266247e+02
-1.776861122344344608e+02
-1.813956952815151453e+02
