1.828477184503909569e+01
2.080872879746188886e+01
2.229558330368903540e+01
2.468798156258252163e+01
2.751245574913350467e+01
2.906586179008114001e+01
3.138325118637626332e+01
3.291408445546954908e+01
3.515061026421160051e+01
3.668771159317837771e+01
3.899749651585145216e+01
4.055006154616283709e+01
4.316358121068043374e+01
4.554362863271781237e+01
4.708659308543975897e+01
4.926282575320603030e+01
5.079211135128176124e+01
5.317107137600962830e+01
5.471296834926720010e+01
5.689600472029268019e+01
5.960572441718913694e+01
6.114041069470742684e+01
