2.700467234545597325e-02
1.833525068352582360e-02
1.161861933801334665e-02
8.052331313875480540e-03
5.658152379837892536e-03
3.858363723056046097e-03
1.804132019112908696e-03
1.005942924169435544e-03
1.207362319485626558e-03
2.346381802367861636e-03
1.619759059969151085e-03
1.052118053288956037e-03
7.748100695230009799e-04
5.753612078158338054e-04
4.188449872804062219e-04
3.698386404494899285e-04
3.676344680954551219e-04
2.877387125510255639e-04
2.968511705232083409e-04
2.880848449730727141e-04
2.367221137957998785e-04
