6.363219655353168688e-04
1.482568907628648480e-04
2.201800602916420972e-05
7.497890825539147373e-06
4.440162871460010844e-06
2.805507074666958938e-06
1.720438637367226844e-06
8.958613034933730722e-07
7.492265607172169505e-07
1.098470425411915214e-06
9.077939775386063128e-07
6.092403402763786290e-07
4.466499403218315844e-07
3.422717195451817937e-07
2.664838670913263378e-07
2.527374477230834153e-07
2.476896688118752332e-07
2.058903192586351496e-07
2.172654091878571723e-07
2.138358932002999114e-07
1.751282348542815972e-07
