1.728838232504300220e-03
1.214612313717691044e-03
7.320446519868196219e-04
5.894887840072072366e-04
4.826311656008012681e-04
4.226154281296896778e-04
2.705991181746469909e-04
3.046110253668320492e-04
4.125176659725865880e-04
4.794392547767838868e-04
3.946435557507056236e-04
3.558412386839480642e-04
2.751185308260630413e-04
2.531002777751150561e-04
2.629345320957357317e-04
3.185325959629363955e-04
3.169423157569699031e-04
3.069855172096226398e-04
2.822197344602884886e-04
2.575228451511455655e-04
3.103402183735978368e-04
