5.230170928282583826e-05
1.172212366249658284e-05
1.534018969505996453e-06
8.277768334524021676e-07
5.436980122810465573e-07
3.931100262745672578e-07
2.772255811141256318e-07
2.220970617565740799e-07
2.459654379561807554e-07
2.896234120066117384e-07
2.701002756236332566e-07
2.731820624272284670e-07
2.144067113000121143e-07
1.920299020469541811e-07
2.038163700973970055e-07
2.084814166594096696e-07
1.963396223949497863e-07
2.594974927652278507e-07
2.353557675199597064e-07
2.692933775623933147e-07
3.405982860384176513e-07
