1.484806209952724450e-02
9.421267192542376323e-02
1.949086772125326605e-01
1.426980208875246459e-01
2.243051795100619583e-01
2.875441193341084500e-01
1.560660740585280148e-01
9.419990266576513949e-02
2.578977015570340509e-02
7.571038349072232998e-02
6.657531704235661318e-02
3.931269142112334136e-02
7.574425426355295421e-02
6.408061150742129508e-02
9.390735954744518221e-02
9.554045726827622986e-02
5.947795972846665197e-02
1.025101386126885950e-01
1.145651424976791427e-01
8.368588299048432266e-02
1.273820608499568463e-01
