-7.701703535622711172e+01
-8.089921375713767304e+01
-8.675525785384668609e+01
-9.283791743317715373e+01
-9.831486851472492106e+01
-1.039892118432641013e+02
-1.075979249398195918e+02
-1.140816059352837755e+02
-1.193442563333327229e+02
-1.230556913684362144e+02
-1.287366166915722943e+02
-1.325155589965214062e+02
-1.389051423494419168e+02
-1.452245179401794530e+02
-1.489626026016820219e+02
-1.545712897248785680e+02
-1.599732395591969407e+02
-1.637106469298192906e+02
-1.693167446084201231e+02
-1.731250280356080964e+02
-1.794638124291507779e+02
