1.790560193175729253e+01
1.952526466187740439e+01
2.192331785098986074e+01
2.443809699200805596e+01
2.673227187550708095e+01
2.908611855913168753e+01
3.058640846904618016e+01
3.326076502285207681e+01
3.543751577162079514e+01
3.698280516026062514e+01
3.933650638833053392e+01
4.089314108790767222e+01
4.354675438760790485e+01
4.613733227421263194e+01
4.770149157011123719e+01
5.003097614807775528e+01
5.225582985224647814e+01
5.381840226066984911e+01
5.614037634453037384e+01
5.769462083608148362e+01
6.034096735645785969e+01
