-4.639019409985962739e-01
-4.679464481261033093e-01
-4.845318176505761798e-01
-4.859327616910378289e-01
-4.819835849535878403e-01
-4.779687107107017940e-01
-4.725653737625473694e-01
-4.688455693276861735e-01
-4.647307884723493876e-01
-4.626040390644019507e-01
-4.624327262536984673e-01
-4.628346139372025991e-01
-4.614846820101421998e-01
-4.625175470014468715e-01
-4.611073292351837161e-01
-4.611702278233300589e-01
-4.612981598533214544e-01
-4.601898701960617233e-01
-4.606828183099460627e-01
-4.611572971791282338e-01
-4.603152394977958473e-01
