1.920845628420551066e-01
1.946123354639076597e-01
2.000186923112039494e-01
2.005661817159652416e-01
2.000192417576636128e-01
1.985673160095441370e-01
1.966142419920438034e-01
1.943354926119779114e-01
1.924613290121565679e-01
1.917721303210294659e-01
1.916884301039854521e-01
1.916263084010509932e-01
1.913049228140252800e-01
1.910272754515667248e-01
1.909348828423765299e-01
1.911601986346631588e-01
1.908753544472497898e-01
1.908794966376693436e-01
1.909853278893252071e-01
1.906928610007807556e-01
1.909424665728121084e-01
