8.560569774160748172e-03
1.487571899834488529e-04
2.056070313229576131e-05
7.313237615522696722e-06
4.885565915464226985e-06
3.000188713498519670e-06
1.600627395946643737e-06
8.306250109629862765e-07
7.882387908339093637e-07
8.773189995424507443e-07
9.363135134161498639e-07
6.079893338020111303e-07
4.771994268787185379e-07
3.719389383340566054e-07
3.662272496952625277e-07
3.314658055662473675e-07
3.249218238489298470e-07
2.582552852222297679e-07
2.850037550160281797e-07
2.268678733327563436e-07
2.166748793063561311e-07
1.858080544719902660e-07
