2.052134133701130625e-03
1.218075371486647320e-03
7.355262755209133942e-04
5.884783593939632920e-04
4.831398729099568791e-04
3.783758959774077943e-04
2.563320679378659566e-04
2.265520534611479252e-04
3.788183577745449660e-04
3.759409949113777386e-04
4.431830545802526323e-04
3.448064713384714724e-04
3.092815991024246342e-04
3.201147341756827914e-04
3.421890075011353597e-04
3.378565781392376950e-04
2.536383717740769506e-04
3.044392887909840094e-04
2.549222575646671683e-04
2.939348923423044132e-04
2.699297176376615052e-04
3.415966315736949270e-04
