1.269847846593663879e-04
1.182364862975706945e-05
1.625004555593639453e-06
7.996460980175299529e-07
5.420645945319978493e-07
3.350381563837400138e-07
2.736927166248457925e-07
2.144208025157396288e-07
2.792792429597768442e-07
2.389166751992787219e-07
3.074148897531949030e-07
2.604030335658727679e-07
2.102906570128510119e-07
2.441847907447283791e-07
2.622017374348796388e-07
2.841112189122812638e-07
2.308058655615486142e-07
2.944245950965116265e-07
2.456663177772580088e-07
3.072571736267591990e-07
3.235588006459738035e-07
4.263372297936612935e-07
