7.197084004586767891e-02
1.706650572342451391e-02
1.070844103996087746e-02
7.579102396602433074e-03
5.828235394540764829e-03
3.836736924769113596e-03
1.717187831509439872e-03
8.437634292415652302e-04
1.174379893595309428e-03
1.664378251870280920e-03
1.772203518482779903e-03
1.134253689479562200e-03
8.134568153248208401e-04
5.729841597554030403e-04
4.682684681274295441e-04
4.404110604452756653e-04
3.911330259868995326e-04
3.263175887157612667e-04
3.400736004978213169e-04
2.722525419304752756e-04
2.672214677008046750e-04
2.251703536856577341e-04
