6.755054653706155099e-02
1.984001897059980146e-01
4.499405210532837068e-02
1.924721022975988405e-01
1.804728108284485780e-02
1.405407418680185982e-01
8.685473505205160150e-02
6.068354236204553942e-02
7.731484977608446552e-02
7.871821209649382256e-02
1.112643134441369946e-01
8.374696100696350787e-02
1.008961886026856908e-01
1.337423577563412735e-01
1.329857677379263081e-01
1.327153241174989506e-01
1.073583818873401485e-01
1.385553337703926136e-01
1.585327526694439992e-01
1.629578578998727156e-01
1.434853047668226411e-01
1.829337305835412597e-01
