-7.598108913969313960e+01
-7.980795142128697250e+01
-8.659845832681519084e+01
-9.155308313697888423e+01
-9.722245589502890084e+01
-1.029820090036644729e+02
-1.066467389598158206e+02
-1.120337768824121554e+02
-1.176690796928867826e+02
-1.230247962705437317e+02
-1.277840686997062249e+02
-1.331986004968106272e+02
-1.369458504613391199e+02
-1.425027254183291348e+02
-1.462826647060716425e+02
-1.516395561313871667e+02
-1.554090384706566965e+02
-1.609454843366766568e+02
-1.647000637483481853e+02
-1.700511073584920041e+02
-1.738170714277850664e+02
-1.793853636708467150e+02
