-4.595159638648738110e-01
-4.694364453121888658e-01
-4.852730385350079167e-01
-4.856264667275942415e-01
-4.832127360015463502e-01
-4.793980012554399650e-01
-4.746079825002903485e-01
-4.716760117264100494e-01
-4.649289059689717951e-01
-4.645929178131864568e-01
-4.625632313415253272e-01
-4.628897022580132914e-01
-4.623527879870870105e-01
-4.615534742456864903e-01
-4.614461614935483347e-01
-4.616378449558365960e-01
-4.621792534055870760e-01
-4.609630100267416153e-01
-4.601709476012649791e-01
-4.609221401812838570e-01
-4.614339219000721526e-01
-4.611642519731897760e-01
