1.916328942540985736e-01
1.944562548608326225e-01
1.995392189093696533e-01
1.994545388454706525e-01
1.997714055248895892e-01
1.986496184389552333e-01
1.974561167359297764e-01
1.962142673976282337e-01
1.926579940668242119e-01
1.922335721264896713e-01
1.918391860196773657e-01
1.917179446487916328e-01
1.912960112008796898e-01
1.911322965844193256e-01
1.909850803457705526e-01
1.910198372624842267e-01
1.909941445274464522e-01
1.905190482047487421e-01
1.907131529531013170e-01
1.907958597100939402e-01
1.905482768238246916e-01
1.904345221928802623e-01
