1.748896850591514607e+01
1.906404249762946179e+01
2.184301559595763109e+01
2.388326490063004215e+01
2.625889376992679303e+01
2.865031017312123396e+01
3.019237942759720283e+01
3.242808014048106457e+01
3.474803483723987796e+01
3.695792645486915973e+01
3.894582293587819066e+01
4.117925464218160414e+01
4.272361325507584695e+01
4.503129329007738590e+01
4.659537702711719476e+01
4.880713161291657087e+01
5.035910210589630509e+01
5.265417940465765412e+01
5.422312763358937104e+01
5.642503073896300947e+01
5.797227927664990688e+01
6.027477605643068870e+01
