1.269847846593663879e-04
1.182364862975706945e-05
3.123614731490756714e-06
1.088715553618274586e-06
6.905930076894395500e-07
5.295713679437494776e-07
2.784370983520227158e-07
2.030941990238415283e-07
2.171438903694046209e-07
3.350270804738660164e-07
2.356182472287760107e-07
2.904624262367048732e-07
2.821460822355885000e-07
2.915161944059499270e-07
2.174474195166370915e-07
2.446575642167796858e-07
2.144350830275381106e-07
2.065786696560036483e-07
2.211971003607634132e-07
2.461554027342536589e-07
2.559030245317488808e-07
2.957840766132388120e-07
