2.052134133701130625e-03
1.218075371486647320e-03
8.616402469259153672e-04
6.506985587725119943e-04
5.356622536102531411e-04
4.618223368732064923e-04
2.425027938335651430e-04
2.092832345017180335e-04
2.776147147623794125e-04
5.720021557474833269e-04
3.448973850590933226e-04
3.730851358906292579e-04
3.726152597912618224e-04
3.453665699261453939e-04
2.572893871118061616e-04
2.957564675106990368e-04
2.576408738926452661e-04
2.894328710655712385e-04
2.867983925738170964e-04
2.653780987961824227e-04
2.888505363236377912e-04
2.751522685089823257e-04
