8.560569774160748172e-03
1.487571899834488529e-04
3.309181126677980024e-05
7.416775548059478338e-06
5.408771841288583722e-06
3.711617802965910375e-06
1.622945559011598576e-06
7.856847028297079885e-07
3.886385813801596155e-07
9.869312226107048220e-07
9.584191225392892744e-07
6.973777092655642208e-07
5.585245723462320388e-07
4.264905413647916858e-07
4.260939939840334903e-07
2.942034734989240311e-07
2.331683347994755225e-07
2.166589774898319576e-07
2.141269396702934209e-07
2.203480585423003846e-07
2.008310382116772780e-07
1.909621023056900207e-07
