7.197084004586767891e-02
1.706650572342451391e-02
1.180232172703637138e-02
7.733998033159029950e-03
6.181128704721117542e-03
4.271892074634109880e-03
1.536787629136760662e-03
6.916340778973057921e-04
4.765058977212276560e-04
2.240104901181168458e-03
1.732054352547977155e-03
1.111614411332699590e-03
7.754051670900730673e-04
5.839023752053704294e-04
5.044127131260129748e-04
3.912554207369685062e-04
3.635786023073829315e-04
3.254174607281628065e-04
3.457446896464653032e-04
3.432180069788735399e-04
2.659305209420850390e-04
2.426432988975677353e-04
