9.721999364128702803e-02
2.390488420189667285e-01
1.580881274537756509e-01
2.383899844618217190e-01
2.253023917582053573e-02
2.070719056133551728e-01
1.394183975396317832e-01
1.426250046200094601e-01
1.758604145938544583e-01
9.182212249199482590e-02
8.009165770069977264e-02
3.040185485246684610e-02
2.877918884259288851e-02
3.922411687286875281e-02
4.915603314095693538e-02
5.602606681454776194e-02
5.394145804983393327e-02
2.298040739464316667e-02
3.527959057401059556e-02
2.861981441761765263e-02
1.328947871779784760e-02
1.992586964033464178e-02
