1.916328942540985736e-01
1.944562548608326225e-01
1.991206403017790061e-01
1.982285381907296085e-01
1.995466541062666521e-01
1.991927420118229097e-01
1.972108379488701491e-01
1.960506224618638327e-01
1.956294920883887567e-01
1.926609403310225732e-01
1.920430950442969520e-01
1.913323053261331008e-01
1.911563097462057881e-01
1.912410918163548468e-01
1.913446440168807827e-01
1.911674942829245660e-01
1.908958911262769176e-01
1.908404045808363980e-01
1.906490760863077671e-01
1.908093086497701929e-01
1.909310476782152266e-01
1.910100592277550469e-01
