-4.595159638648738110e-01
-4.694364453121888658e-01
-4.823010022409928155e-01
-4.843452510756764973e-01
-4.829619217935015030e-01
-4.805898160027877175e-01
-4.743822144455153156e-01
-4.716860349379788930e-01
-4.697642286373715503e-01
-4.652699932754070788e-01
-4.639061309767864572e-01
-4.620458744521691585e-01
-4.616876904959188455e-01
-4.619282383124478919e-01
-4.622997944079090260e-01
-4.624379513619659710e-01
-4.611042238527314208e-01
-4.605569945770296991e-01
-4.611111500069675628e-01
-4.593851123681831350e-01
-4.606076903428876212e-01
-4.614644333974939894e-01
