-7.596730366077719054e+01
-7.977039650566199214e+01
-8.562524249235758589e+01
-8.956578622618222596e+01
-9.633682866969559200e+01
-1.020112177815218786e+02
-1.067065997254853471e+02
-1.120896943049242935e+02
-1.178582492383729772e+02
-1.215627774481561971e+02
-1.268200523602612293e+02
-1.305189052080684178e+02
-1.362545018870754348e+02
-1.400444470783334623e+02
-1.464611993529464087e+02
-1.518697173092751598e+02
-1.574374799988637790e+02
-1.611814227362145289e+02
-1.665938214831243158e+02
-1.710762646511809351e+02
-1.768525541795393679e+02
-1.806613426830523963e+02
