1.748321951908752325e+01
1.904848599724059355e+01
2.145853891739355390e+01
2.304989166933254552e+01
2.589059339580704133e+01
2.825514841674089439e+01
3.021288597217242966e+01
3.244621948081039875e+01
3.485500527606559729e+01
3.635972946870937506e+01
3.853151039749272400e+01
4.006829248661242104e+01
4.244457126895294152e+01
4.400942347156039602e+01
4.666574023313567920e+01
4.889566980576509536e+01
5.120918829640753245e+01
5.276520576176029209e+01
5.498905167125050042e+01
5.687620497432178013e+01
5.926073308453234034e+01
6.082069399314998748e+01
